0.5914717
0.6696733
0.66648805
0.21478355
0.5346816
0.5179553
0.7088103
0.6000413
0.9194655
0.48716208
0.47147793
0.7127775
0.75972176
0.56672215
0.63092226
0.4277262
0.44931403
0.834402
0.690209
0.8519804
0.6292988
0.43968156
0.3910787
0.7527166
0.62091523
0.59870785
0.8769659
0.71508205
0.7174346
0.6898231
0.3433187
0.45013738
0.65496033
0.5860783
0.41298497
0.3889226
0.60514945
0.51579356
0.68467665
0.6168007
0.42109668
0.44480127
0.6733208
0.5135852
0.30186313
0.60842997
0.32603213
0.4717961
0.69305915
0.64473766
0.65500444
0.60400885
0.8157191
0.47178897
0.5990951
0.54521453
0.5721014
0.34702745
0.5715689
0.5355832
0.393327
0.5556602
0.36906627
0.4832711
0.4562189
0.32649434
0.674781
0.5773842
0.559721
0.4962089
0.2807602
0.6906272
0.5620774
0.5357003
0.448696
0.553595
0.31839445
0.330626
0.39945558
0.4183952
0.4394961
0.42102167
0.6267314
0.69021034
0.5905465
0.30925855
0.37810338
0.7266784
0.59511286
0.6805422
0.8239555
0.46623433
0.67412853
0.6976898
0.3537977
0.8710108
0.5135624
0.7129526
0.5942404
0.7191765
0.67597395
0.8517817
0.59388053
0.28634253
0.38842347
0.47876823
0.6666593
0.8526117
0.41510832
0.5408637
0.20628735
0.45485336
0.48254338
0.48778737
0.8250692
0.5424374
0.380031
0.63318473
0.69081277
0.3338914
0.5741816
0.6165664
0.5128947
0.50533235
0.6378964
0.6281464
0.6033475
0.3592851
0.54608434
0.3748688
0.518594
0.8644166
0.44000736
0.34487978
0.39245757
0.40657806
0.4936479
0.42184195
0.55332935
0.5243423
0.638282
0.6387533
0.483907
0.8398844
0.53301954
0.582957
0.53502184
0.30289996
0.48891076
0.4114647
0.8018915
0.7469341
0.82997245
0.51325125
0.6667356
0.3809286
0.78371686
0.5482388
0.36218238
0.6204249
0.81968075
0.7664281
0.5382174
0.6410765
0.45437184
0.6656185
0.5165488
0.36272922
0.3125637
0.6272167
0.644797
0.68429166
0.5130145
0.6627231
0.5582123
0.3217282
0.4673415
0.5337932
0.7076326
0.5732174
0.61616147
0.36511505
0.37671646
0.6151368
0.6716196
0.34575745
0.68884426
0.40311095
0.8288364
0.5857637
0.60558736
0.60622096
0.6183755
0.36817428
0.4631449
0.4880721
0.47507155
0.50649256
0.51047915
0.20129539
0.60345995
0.7872942
0.8283224
0.6894339
0.27416185
0.47081295
0.6910624
0.69217855
0.6533786
0.7970653
0.63518506
0.6661167
0.3804055
0.40114853
0.8834482
0.66017777
0.50149447
0.2673838
0.7884668
0.4738576
0.38429934
0.6845011
0.44853136
0.80095375
0.29927212
0.60735285
0.9160262
0.6598605
0.36641622
0.6263047
0.5033421
0.41974124
0.72175366
0.47272578
0.51255804
0.5770119
0.52054423
0.22201593
0.4006545
0.7146591
0.67473876
0.7205091
0.53422874
0.30907312
0.28125644
0.4743142
0.58204424
0.5970621
0.47883686
0.652466
0.44670764
0.45703846
0.5562852
0.78732795
0.18806837
0.69004226
0.54539585
0.5705553
0.63034457
0.36039248
0.34678608
0.7005894
0.37469137
0.7374867
0.62267447
0.58096814
0.26242658
0.36405995
0.8437923
0.59868056
0.41977078
0.5135537
0.7627029
0.4357568
0.2057794
0.35984534
0.9356598
0.26923475
0.8622006
0.7828422
0.38687104
0.5623786
0.6865786
0.5774344
0.9020949
0.6088398
0.4051931
0.37116218
0.6192939
0.3452428
0.5197656
0.37819394
0.45773894
0.44764194
0.4101633
0.40184203
0.5739418
0.4623457
0.36066484
0.4258904
0.45680678
0.6948914
0.4073132
0.16029455
0.48806813
0.5342865
0.5959293
0.2642007
0.3700444
0.8057994
0.5771273
0.58470863
0.652213
0.8152738
0.8941481
0.6251821
0.5391702
0.4276982
0.35071233
0.3465712
0.31751522
0.45299393
0.59449375
0.6085991
0.459401
0.72094804
0.4437544
0.76425034
0.6845297
0.64685154
0.5304118
0.625767
0.18192923
0.80660355
0.6183007
0.45751348
0.7166728
0.23311
0.5313733
0.7926191
0.5564595
0.36298317
0.4351335
0.2827864
0.42385158
0.31566423
0.5866466
0.23816705
0.16981548
0.4389087
0.44264483
0.47144237
0.6973997
0.5164062
0.44962654
0.4698478
0.59092075
0.5908053
0.3328213
0.6425555
0.6218022
0.6660654
0.472905
0.51215863
0.62958324
0.64508337
0.25433615
0.546346
0.5323936
0.48634633
0.73949754
0.341334
0.5583819
0.46218628
0.547225
0.55256253
0.3185985
0.70600253
0.75781703
0.22608872
0.62401783
0.44555217
0.48829177
0.7065651
0.47755945
0.8505638
0.5064237
0.55154335
0.5375836
0.5472889
0.72009486
0.611368
0.42441887
0.5680605
0.46257526
0.58663994
0.7603702
0.55090225
0.8297558
0.725494
0.39302838
0.39776748
0.30033913
0.39240116
0.6426382
0.72710615
0.45234016
0.3277916
0.32559812
0.47874165
0.5572292
0.39761695
0.67981005
0.37716264
0.667152
0.27408975
0.3287839
0.6433997
0.3146382
0.6025989
0.4061988
0.65270513
0.75217956
0.3284674
0.46927452
0.46956983
0.5234795
0.24582063
0.679041
0.6940095
0.3874385
0.61200523
0.6974211
0.7453047
0.6962766
0.3524629
0.3117461
0.51319486
0.7441795
0.54008704
0.35594702
0.6402011
0.53387064
0.5008789
0.577635
0.76956755
0.5747006
0.77120245
0.53916234
0.59814036
0.69443095
0.5738517
0.409034
0.5461246
0.72106
0.53328186
0.46956566
0.49164063
0.637827
0.42143345
0.4242428
0.6885268
0.5299384
0.6020247
0.62441736
0.96420085
0.38262513
0.57241666
0.72718537
0.4028099
0.7127679
0.73518157
0.65538186
0.60645694
0.7174833
0.62106866
0.4699186
0.6574657
0.48882672
0.4910584
0.66836417
0.53017
0.3954596
0.44373327
0.3467033
0.8771596
0.6295556
0.31139755
0.4934581
0.5268518
0.7429836
0.80299604
0.2396977
0.60149807
0.62214565
0.41099045
0.5765954
0.41421166
0.44160023
0.42423216
0.3661981
0.35203144
0.46727085
0.7000832
0.5146549
0.80495983
0.61567837
0.49090144
0.61097795
0.39596313
0.51615506
0.6472974
0.56674874
0.45066234
0.603926
0.5338832
0.5182881
0.8994681
0.47663787
0.5561712
0.50343955
0.5235822
0.47473958
0.29874757
0.6118658
0.5667701
0.52895725
0.92874306
0.3242781
0.5073507
0.53794914
0.61275446
0.3230501
0.7324663
0.53737307
0.3940016
0.4766948
0.45920512
0.6329422
0.27198055
0.47596234
0.6430195
0.6681169
0.3970807
0.39343357
0.33263046
0.28665876
0.5656227
0.75639373
0.62427443
0.28725466
0.6244545
0.7517704
0.8049314
0.9302001
0.33963817
0.74152815
0.5363499
0.68681175
0.42024946
0.6390876
0.4629149
0.5556685
0.6875288
0.61666596
0.6575449
0.64352703
0.77932245
0.41374126
0.4058888
0.42915237
0.6424729
0.38350627
0.5268799
0.45839933
0.4762259
0.5260982
0.56245905
0.6642526
0.87076867
0.5127118
0.72162247
0.5499786
0.3915786
0.35262004
0.56624925
0.5882154
0.6230999
0.55592406
0.88313144
0.5247984
0.7046947
0.5426938
0.7979537
0.36582306
0.55326897
0.54713666
0.6669296
0.50257295
0.6348553
0.575015
0.62911975
0.327561
0.6848193
0.24949442
0.6569538
0.5289545
0.79101634
0.630441
0.42632473
0.3009153
0.5520649
0.3304502
0.5395949
0.60430115
0.43571833
0.5424681
0.47708866
0.28021944
0.38167524
0.2268585
0.31456515
0.33760598
0.47062302
0.61378586
0.6854364
0.39820963
0.4394188
0.5344896
0.53847873
0.3821192
0.69136566
0.50034946
0.800934
0.75636905
0.64097846
0.5900078
0.40789178
0.62112105
0.7122074
0.77210706
0.34615672
0.7208866
0.5082046
0.9230193
0.571721
0.7428078
0.36169147
0.72385216
0.5297511
0.64256716
0.65519834
0.76895857
0.3369873
0.52052045
0.41403726
0.67423505
0.5980351
0.46733406
0.32869303
0.26606828
0.47839707
0.7660652
0.5686906
0.46084124
0.24014044
0.71402526
0.53144336
0.44618818
0.6551929
0.49016154
0.58065563
0.76397824
0.720773
0.33231646
0.8400381
0.56798834
0.5498839
0.7296645
0.57935756
0.52177167
0.58170986
0.52879196
0.6846553
0.5100773
0.3237374
0.8133802
0.5581067
0.6018708
0.67623836
0.595128
0.55637926
0.667054
0.74525756
0.6020535
0.56504303
0.81646216
0.52925646
0.518965
0.68903255
0.3920535
0.429535
0.8821936
0.47940862
0.6652116
0.22095092
0.6305499
0.70891225
0.36686546
0.39505053
0.43557757
0.4571463
0.5687466
0.55566776
0.645746
0.47512096
0.36776766
0.9453685
0.5930719
0.80084366
0.44086275
0.58408123
0.54949754
0.7490774
0.6396846
0.7258136
0.56631464
0.22967477
0.41820523
0.6230331
0.52191156
0.7232072
0.45508832
0.62004673
0.39369127
0.66021067
0.69452286
0.50070035
0.5689572
0.52301884
0.32698795
0.49767834
0.46655235
0.58959055
0.51565117
0.7041027
0.40955594
0.32534868
0.583598
0.5085498
0.8540426
0.6326539
0.26093325
0.51840496
0.56967026
0.4280913
0.5669097
0.5330626
0.5560591
0.5650961
0.6806556
0.5582015
0.263189
0.37467274
0.50696987
0.6676822
0.42238346
0.5129016
0.66048527
0.64507955
0.72840244
0.84428746
0.76663184
0.55186963
0.68685913
0.72587395
0.54621226
0.59010243
0.5507009
0.32625735
0.4680522
0.3637373
0.41245037
0.37966722
0.61853176
0.34617823
