0.5653421
0.59840894
0.5560215
0.12315302
0.55415577
0.45290864
0.6972898
0.5575138
0.931183
0.48514092
0.43802944
0.6544905
0.7077392
0.5914882
0.60533535
0.30547836
0.38132653
0.83567005
0.70668715
0.8159291
0.5598026
0.4533958
0.36283603
0.7194365
0.6456057
0.60060745
0.8830103
0.7258089
0.6696782
0.6346154
0.34489423
0.2950994
0.60815704
0.5649756
0.34261525
0.3570793
0.6675263
0.50124496
0.7149974
0.5775716
0.41990006
0.5114493
0.5985205
0.47703376
0.3655836
0.57590497
0.3608143
0.411612
0.69966
0.5919417
0.6219354
0.56758076
0.8385366
0.46467304
0.59899366
0.5373438
0.57691586
0.33017012
0.5932063
0.5437331
0.52608395
0.5288639
0.34210342
0.4478669
0.47332403
0.34287345
0.6442654
0.53091925
0.5256262
0.48964694
0.1985828
0.6212676
0.51423097
0.5358595
0.5569964
0.5479056
0.3506387
0.34942928
0.4102768
0.45678738
0.4933604
0.42475986
0.6377303
0.67757523
0.6011
0.33644867
0.3401053
0.7098691
0.5991072
0.65921676
0.8475872
0.44587642
0.6065138
0.6827053
0.39504445
0.83863693
0.5013561
0.74586487
0.57605606
0.6743756
0.6803212
0.8571791
0.6421662
0.25548044
0.39011046
0.48440668
0.6693756
0.86702555
0.40864408
0.5515248
0.22379
0.44598386
0.5452998
0.47061852
0.8065317
0.5190662
0.41906175
0.571241
0.6896045
0.3213556
0.54645264
0.56737953
0.49439234
0.4853766
0.6389213
0.60516024
0.59575593
0.33550236
0.5054942
0.40720868
0.48414314
0.8306209
0.49928856
0.34032091
0.33062023
0.41549116
0.49090463
0.42737728
0.5479244
0.51415604
0.6230494
0.69352317
0.46055514
0.83708054
0.5335277
0.50367045
0.5463326
0.28212875
0.49165472
0.43272915
0.82389206
0.7397494
0.8298151
0.50214297
0.6665539
0.3636596
0.79052234
0.49552998
0.38109255
0.65984404
0.81816536
0.76525587
0.5152846
0.51655316
0.4247928
0.6595376
0.51406324
0.36843115
0.3236987
0.62586045
0.6809364
0.68966615
0.55888665
0.6191048
0.5354394
0.42241758
0.45546746
0.55694866
0.6751476
0.51478684
0.6335661
0.31582138
0.36135668
0.587297
0.69978255
0.37966534
0.68547654
0.42451715
0.8710631
0.5712758
0.61646396
0.51550347
0.5698994
0.3572371
0.45080104
0.5426586
0.50865036
0.5247707
0.5325715
0.1753781
0.64554656
0.79334056
0.8171849
0.72197235
0.24431476
0.4761979
0.70352685
0.6935842
0.7000415
0.8320216
0.6257999
0.6795651
0.40911606
0.45289838
0.90308124
0.67513245
0.4666924
0.33119062
0.7988162
0.5192412
0.40515503
0.6592947
0.4204914
0.7854545
0.33389807
0.5567837
0.9252158
0.62807417
0.46785787
0.6397975
0.5279562
0.30933145
0.71231216
0.46392184
0.5454417
0.5429261
0.5170922
0.21287896
0.43320414
0.7028064
0.6625929
0.7057002
0.5294233
0.24463089
0.30235854
0.50630236
0.55220747
0.62409735
0.57042253
0.6450861
0.454033
0.5426194
0.681266
0.8112338
0.3917993
0.75236726
0.6096015
0.6581384
0.7513949
0.46939555
0.48926285
0.7265568
0.4637567
0.8146811
0.64195865
0.61289334
0.40263912
0.41733953
0.85329753
0.6524846
0.5435134
0.56124574
0.7520066
0.51835555
0.34311172
0.48046225
0.92714053
0.30993322
0.8681875
0.82280624
0.4580744
0.6152692
0.73565084
0.6819161
0.91262597
0.6245283
0.4755589
0.45164084
0.6274167
0.3662948
0.5338906
0.4446554
0.56090784
0.45746398
0.5049013
0.4454409
0.66018975
0.501164
0.33840477
0.54749423
0.36842942
0.7304595
0.46005517
0.14400172
0.5125837
0.56310236
0.5858999
0.311067
0.46871835
0.82406527
0.6274615
0.6198315
0.7318669
0.857812
0.9236127
0.62516105
0.5149803
0.5203067
0.33606166
0.37586826
0.4289288
0.45557898
0.6503501
0.6544909
0.48030835
0.749092
0.52634287
0.79187477
0.6677787
0.6653975
0.5773644
0.67219645
0.2151024
0.83784705
0.6512858
0.49537197
0.71089095
0.38107535
0.5172843
0.8017415
0.580418
0.46315953
0.5198148
0.3025738
0.44071487
0.37115896
0.6237755
0.2755329
0.16530526
0.47326267
0.53706753
0.5475274
0.7124634
0.5956005
0.4860942
0.48835155
0.6154378
0.5874994
0.3427335
0.59038633
0.595817
0.6944958
0.49994227
0.5153051
0.69184977
0.6439337
0.32799074
0.5382545
0.5642425
0.4837539
0.71965224
0.32402807
0.5196294
0.48109227
0.5215314
0.5651983
0.34016314
0.76253784
0.7875564
0.25807726
0.60004896
0.4925858
0.4926871
0.73192936
0.5329427
0.90305054
0.4901054
0.5835387
0.49262112
0.53431875
0.72656757
0.57584643
0.45832044
0.5706079
0.5010358
0.6347497
0.7734734
0.5837067
0.8324491
0.7486781
0.49805167
0.34152547
0.33585134
0.41459
0.66626006
0.7673016
0.4706762
0.3782515
0.37432495
0.5360065
0.5483919
0.412785
0.738057
0.32484737
0.65899193
0.29052216
0.3075769
0.6840923
0.33058062
0.5798882
0.42035723
0.6608001
0.74042666
0.3294132
0.49926135
0.4713707
0.523223
0.25144842
0.67790544
0.6950986
0.3585289
0.616341
0.69814134
0.7383671
0.70778096
0.37558395
0.3025789
0.47211978
0.7805735
0.52361274
0.40807623
0.67897016
0.5570171
0.56396776
0.54364055
0.78183246
0.5450364
0.71719307
0.46911362
0.6108363
0.59702396
0.54237175
0.35785294
0.3399411
0.6704552
0.53280467
0.43738827
0.37029678
0.5771065
0.30843556
0.37248197
0.6009662
0.5237566
0.6009023
0.586752
0.95828164
0.20241648
0.54956704
0.6447876
0.18407038
0.71230304
0.7619954
0.6343285
0.62972504
0.64040023
0.6231873
0.38717806
0.62003577
0.41214886
0.48276487
0.5569407
0.54255825
0.33867702
0.33665988
0.25818783
0.8627849
0.67485565
0.23846205
0.3494603
0.47637078
0.7215685
0.7670677
0.19860297
0.5309607
0.55068666
0.34124646
0.54177
0.41242707
0.42261174
0.44039342
0.3704526
0.3403206
0.41476518
0.6690673
0.4610453
0.798374
0.5838948
0.47043833
0.6358418
0.3979622
0.47211155
0.6493774
0.5849541
0.45221642
0.6084893
0.5711359
0.5099731
0.91144854
0.45376495
0.57027197
0.46078518
0.42669702
0.39403585
0.35029802
0.6315847
0.5186375
0.5408169
0.9451242
0.299923
0.41104874
0.5692356
0.61073375
0.30429843
0.7171017
0.47165224
0.3733475
0.48684955
0.37968272
0.571879
0.2433619
0.42434475
0.6177417
0.6585999
0.37872675
0.39151216
0.33857965
0.22526091
0.53653765
0.7543595
0.5540728
0.37600997
0.5730484
0.6760999
0.81293064
0.941495
0.2894228
0.7816932
0.54065156
0.7259886
0.34621385
0.5858287
0.41878647
0.52818
0.6813782
0.6109211
0.6608813
0.6421622
0.8354059
0.4242982
0.41738412
0.37267783
0.63121945
0.33298793
0.5302968
0.40999824
0.4610113
0.47942442
0.5841101
0.6364644
0.8956948
0.4934074
0.7296041
0.61149037
0.32639962
0.34344918
0.60253495
0.5092242
0.66118115
0.56291586
0.8531329
0.48678082
0.7231875
0.55022603
0.79548466
0.36676624
0.5733653
0.59345037
0.6230033
0.5279771
0.70729107
0.5434289
0.57398015
0.30821177
0.6642363
0.26168942
0.66578597
0.51965815
0.82195354
0.63334143
0.44911766
0.2736277
0.48983762
0.37755516
0.52195144
0.650201
0.4641117
0.5770533
0.50859463
0.27640563
0.39876536
0.23970471
0.3243135
0.3276729
0.44741157
0.63180184
0.6460939
0.3993428
0.40866873
0.519124
0.5117643
0.41521484
0.70692635
0.5046565
0.7838693
0.76481587
0.6288664
0.589255
0.39480367
0.67779505
0.7027482
0.80441004
0.39587745
0.69719714
0.45919204
0.9008112
0.65073276
0.7838577
0.27914867
0.7835375
0.4855415
0.623514
0.6518678
0.8302025
0.27585948
0.4592211
0.3951678
0.69048375
0.5802308
0.46723223
0.3593615
0.2760179
0.40877116
0.77191603
0.54042965
0.49355432
0.22649194
0.69854236
0.51138216
0.43684056
0.610814
0.5668575
0.609094
0.7692419
0.73901653
0.33901083
0.83163375
0.52378076
0.49652076
0.6891545
0.59644496
0.46189028
0.64198554
0.5057031
0.65603083
0.4974922
0.29561526
0.8052309
0.5302377
0.5710765
0.69630104
0.5651149
0.5621565
0.63146627
0.735454
0.61085755
0.59392715
0.8079356
0.5139325
0.5391158
0.7464628
0.43680143
0.44991294
0.8335154
0.46326795
0.63116187
0.2522033
0.612271
0.70562893
0.37426242
0.44604692
0.45191112
0.4923472
0.5452251
0.5753909
0.65055317
0.46264705
0.39962298
0.9408969
0.62774825
0.7838983
0.45184243
0.5663652
0.5593735
0.7645639
0.6492083
0.6819634
0.62135303
0.28497818
0.510669
0.6327481
0.50854886
0.7362713
0.45261908
0.6650659
0.42000476
0.68670446
0.77239436
0.511084
0.57280695
0.49091908
0.34703383
0.5290989
0.4766718
0.5671427
0.5312616
0.69275373
0.449889
0.35398868
0.56601
0.53057873
0.8394584
0.6521079
0.2615531
0.5126159
0.5595485
0.49199972
0.55269766
0.5508461
0.6085968
0.61860895
0.7650418
0.6259262
0.35395357
0.37662846
0.5567908
0.6806325
0.41222695
0.53417933
0.65018934
0.68993807
0.7437104
0.83755267
0.7755036
0.5852173
0.69005704
0.68552417
0.58575493
0.617646
