0.6574949026107788
0.8595845103263855
0.4833635687828064
0.5224546790122986
0.7597290277481079
0.7657153606414795
0.5309301018714905
0.8581253290176392
0.9864785671234131
0.7920781373977661
0.6580172777175903
0.6503657102584839
0.7206133604049683
0.7105228900909424
0.5947650671005249
0.54350745677948
0.7523881196975708
0.628690242767334
0.9115051627159119
0.8979383707046509
0.9752269387245178
0.8836668729782104
0.5574349761009216
0.9584659337997437
0.4420819878578186
0.5579508543014526
0.9925829172134399
0.9975646734237671
0.5544379949569702
0.9555798768997192
0.611444890499115
0.5657793283462524
0.7915705442428589
0.6333498954772949
0.630893349647522
0.49353331327438354
0.9361326098442078
0.672784686088562
0.7898600101470947
0.31374192237854004
0.9338598251342773
0.6663950681686401
0.6747428178787231
0.6167787909507751
0.7742809057235718
0.5344544649124146
0.442604660987854
0.9640782475471497
0.6079155206680298
0.528773307800293
0.43880778551101685
0.8232861757278442
0.6062682867050171
0.32610541582107544
0.9647822380065918
0.8712434768676758
0.25989818572998047
0.4973040223121643
0.6485096216201782
0.916707456111908
0.6333889961242676
0.7457761764526367
0.6076945066452026
0.9112462401390076
0.722506582736969
0.1457570195198059
0.9547217488288879
0.874068021774292
0.6095890998840332
0.7723597884178162
0.5775505304336548
0.5881460309028625
0.8939563632011414
0.5964299440383911
0.8314353227615356
0.5816245675086975
0.7843285799026489
0.03990817815065384
0.600422203540802
0.8550512790679932
0.8733168840408325
0.7545787692070007
0.9630216360092163
0.9135721921920776
0.9033410549163818
0.5314236879348755
0.9361326098442078
0.5503601431846619
0.7076129913330078
0.7775130271911621
0.11258459836244583
0.9147146344184875
0.6724715232849121
0.4007036089897156
0.8875081539154053
0.39202409982681274
0.9345858097076416
0.6821072101593018
0.5688188672065735
0.9619070887565613
0.8924602270126343
0.4121515452861786
0.6248533725738525
0.5201886892318726
0.9082765579223633
0.5303936004638672
0.49413323402404785
0.8693797588348389
0.7501482963562012
0.794548749923706
0.6106699705123901
0.271793931722641
0.7810623049736023
0.5828908681869507
0.11346650123596191
0.686592698097229
0.8854454755783081
0.702986478805542
0.8151984214782715
0.9666414260864258
0.5952011942863464
0.4692683815956116
0.8384808301925659
0.6947985887527466
0.7677496075630188
0.1793413758277893
0.6959370374679565
0.8962746858596802
0.9026634097099304
0.5348871946334839
0.752213716506958
0.8396908640861511
0.8255228996276855
0.9511541128158569
0.9703986644744873
0.7825128436088562
0.5857545137405396
0.9254663586616516
0.8498800992965698
0.7249730229377747
0.5144690275192261
0.9559353590011597
0.8312246203422546
0.6468445062637329
0.6012636423110962
0.4446215033531189
0.9705747365951538
0.7548530101776123
0.9841650724411011
0.6215665340423584
0.6724715232849121
0.6081758141517639
0.9338564276695251
0.6816163063049316
0.9378948211669922
0.6937786340713501
0.44276463985443115
0.8477007150650024
0.9420615434646606
0.8251134157180786
0.7072921991348267
0.8184506893157959
0.018155444413423538
0.861307680606842
0.6079155206680298
0.9746508598327637
0.9513663053512573
0.962334156036377
0.14742520451545715
0.7173552513122559
0.5278826355934143
0.5850248336791992
0.7150941491127014
0.6171263456344604
0.8692089319229126
0.836146354675293
0.20266377925872803
0.36175668239593506
0.8207966089248657
0.7810140252113342
0.4034523367881775
0.8471227884292603
0.17748890817165375
0.747466504573822
0.9630216360092163
0.9804739952087402
0.8478403091430664
-0.025630369782447815
0.659939169883728
0.6171103715896606
0.3389715552330017
0.4619024693965912
0.9053936004638672
0.70890212059021
0.9517529606819153
0.7544865608215332
0.7243238091468811
0.7233256697654724
0.6067872047424316
0.5311968326568604
0.9098318815231323
0.8691157102584839
0.22855377197265625
0.9033410549163818
0.9060643315315247
0.7489043474197388
0.7491530179977417
0.9749687910079956
0.6607250571250916
0.802184522151947
0.5831197500228882
0.2643132209777832
0.6640735864639282
0.8793060779571533
0.9945431351661682
-0.018775684759020805
0.9924014210700989
0.576583743095398
0.5549633502960205
0.9344360828399658
0.8635566234588623
-0.046035412698984146
0.962156355381012
0.4337562918663025
0.7527382969856262
0.8876516222953796
0.9759270548820496
0.6265343427658081
0.8718903064727783
0.37937402725219727
0.5487909317016602
0.5216777324676514
0.5744499564170837
0.9818946123123169
0.9509491920471191
0.30840975046157837
0.7012306451797485
0.2584725320339203
0.5310269594192505
0.9148739576339722
0.508731484413147
0.9929167628288269
0.43278396129608154
0.5293874740600586
0.8789206743240356
0.8745181560516357
0.41191479563713074
0.8874220252037048
0.7909704446792603
0.961461067199707
0.8574738502502441
0.7376929521560669
0.27901363372802734
0.9821366667747498
0.36030125617980957
0.9409046769142151
0.682242751121521
0.9010682106018066
0.28114062547683716
0.17263163626194
0.9579825401306152
0.9411869049072266
0.36072230339050293
0.6004139184951782
0.6677656769752502
0.09373965114355087
0.4451792240142822
0.09434917569160461
0.9237858057022095
0.08076466619968414
0.8889325857162476
0.9397302269935608
0.8184570670127869
0.1371905654668808
0.9159673452377319
0.5891106128692627
0.9970406293869019
0.45678848028182983
0.5817854404449463
0.5558501482009888
0.5287091732025146
0.5744524002075195
0.5710517764091492
0.3701639175415039
0.9766020178794861
0.3809646666049957
0.8010972738265991
0.7400391101837158
0.5991497039794922
0.5193430781364441
0.4454405605792999
0.6698537468910217
0.6167787909507751
0.7527382969856262
0.5935353636741638
0.9072660803794861
0.5520386695861816
0.617334246635437
0.3519236445426941
0.6376478672027588
0.5607656240463257
0.9075701236724854
0.7530131340026855
0.5996636152267456
0.9978905916213989
0.9521106481552124
0.82157301902771
0.6766766309738159
0.2435474395751953
0.4841594099998474
0.6978594064712524
0.5757668018341064
0.8998554944992065
0.4211277961730957
0.9631764888763428
0.9429032802581787
0.16875198483467102
0.3486880362033844
0.8712434768676758
0.6070245504379272
0.37279316782951355
0.222341388463974
0.9492387771606445
0.9144901037216187
0.9155529737472534
0.39991652965545654
0.15706384181976318
0.20686288177967072
0.5981327295303345
0.8793500065803528
0.7579357624053955
0.8132002949714661
0.513360857963562
0.5332143902778625
0.2649954557418823
0.7517489790916443
0.3413305878639221
0.907953679561615
0.5669568777084351
0.40630578994750977
0.630893349647522
0.5503601431846619
0.47386252880096436
0.8492333889007568
0.9841650724411011
0.8576618432998657
0.45123302936553955
0.4338655471801758
0.4841776490211487
0.5761706829071045
0.3079685866832733
0.4682782292366028
0.939003050327301
0.645745038986206
0.1245589628815651
0.6266722679138184
0.7906119227409363
0.33709973096847534
0.9770519733428955
0.5200208425521851
0.9752269387245178
0.8701021671295166
0.9242793321609497
0.6064094305038452
0.4059296250343323
0.7918795943260193
0.9508137106895447
0.6480021476745605
0.953743577003479
0.3655019700527191
0.869510293006897
0.8132971525192261
0.9334632158279419
0.7403544783592224
0.013984447345137596
0.40709030628204346
0.7221314311027527
0.647263765335083
0.6453789472579956
0.9763355851173401
0.917035698890686
0.7114852666854858
0.9511951208114624
0.6622703075408936
0.43231457471847534
0.9032317399978638
0.8090917468070984
0.8591876029968262
0.9469720125198364
0.3942379951477051
0.7233256697654724
0.6097683906555176
0.6592868566513062
0.2655144929885864
0.9266302585601807
0.3936430513858795
0.9027706384658813
0.5576609373092651
0.6644719243049622
0.2028505951166153
0.648806095123291
0.5262433290481567
0.8777117729187012
0.8268592357635498
0.03460032492876053
0.5891286134719849
0.7915705442428589
0.6291544437408447
0.6978594064712524
0.9510458111763
0.5566145777702332
0.6534881591796875
0.9736758470535278
0.687558650970459
0.052022311836481094
0.5067100524902344
0.6937665343284607
0.569815456867218
0.697571337223053
0.9115846157073975
0.647263765335083
0.915216326713562
0.8180858492851257
0.8887975215911865
0.9830178022384644
0.9893279075622559
0.237040713429451
0.6520108580589294
0.8941897749900818
0.9189445972442627
0.8963357210159302
0.47240543365478516
0.593917965888977
0.7505456805229187
0.8039443492889404
0.8505529165267944
0.3651653528213501
0.5501086711883545
0.0475383922457695
0.461321622133255
0.841896653175354
0.48969876766204834
0.6230474710464478
0.8894312381744385
0.9411042332649231
0.04170563071966171
0.6334087252616882
-0.03310655429959297
0.5708291530609131
0.917035698890686
0.8306198120117188
0.7899570465087891
0.9625674486160278
0.6493914127349854
0.9378820657730103
0.799583375453949
0.5634015202522278
0.184872567653656
0.3809812664985657
0.9729123115539551
0.6323873996734619
0.7872070074081421
0.8131735920906067
0.5325056314468384
0.9846633076667786
0.890525221824646
0.46880507469177246
0.9534801244735718
0.9228240251541138
0.3847203850746155
0.9777251482009888
0.5001523494720459
0.8807329535484314
0.514232337474823
0.7885395288467407
0.772005558013916
0.7913832664489746
0.9071674346923828
0.9460359811782837
0.5867997407913208
0.6294437646865845
0.5932834148406982
0.7220027446746826
0.8882685303688049
0.45879927277565
0.32265782356262207
0.5270117521286011
0.533761739730835
0.5409025549888611
0.939888596534729
0.5569314956665039
0.11595594882965088
0.8936095237731934
0.7421361207962036
0.9510458111763
0.4282699525356293
0.9316709041595459
0.4771133065223694
0.5782346725463867
0.8779904246330261
0.7856582999229431
0.6921464204788208
0.34690627455711365
0.9104899168014526
0.38826867938041687
0.8405395746231079
0.5318865180015564
0.5780505537986755
0.7947239875793457
0.9432685375213623
0.9374703764915466
0.2829185724258423
0.8377594947814941
0.503535270690918
0.5196394920349121
0.5536662340164185
0.9993671178817749
0.510647177696228
0.9768831729888916
0.7530131340026855
0.7341687679290771
0.9109452366828918
0.717519998550415
0.8891663551330566
0.6442568302154541
0.507698655128479
0.8831133842468262
0.9789950847625732
0.9917055368423462
0.5765925645828247
0.5553919076919556
0.5957077145576477
0.8944716453552246
0.8875195980072021
0.5726832747459412
0.8465619087219238
0.7175284624099731
0.9978905916213989
0.3677137792110443
0.9457083940505981
0.6675366163253784
0.49808576703071594
0.6112200021743774
0.9979678392410278
0.9882091879844666
0.948144793510437
0.12610891461372375
0.6571019887924194
0.7952828407287598
0.7767229676246643
0.44705623388290405
0.7584689259529114
0.8112149834632874
0.7032099366188049
0.9754062294960022
0.22832192480564117
0.6154133677482605
0.8629131317138672
0.15764489769935608
0.9554435014724731
0.2702524662017822
0.4678124189376831
0.18174196779727936
0.4692683815956116
0.45629799365997314
0.3377089202404022
0.3207564353942871
0.6197767853736877
0.5492629408836365
0.44460275769233704
0.6442568302154541
0.43774333596229553
0.674256443977356
0.9413245916366577
0.8368988633155823
0.25936076045036316
0.8801613450050354
0.6012636423110962
0.5574241280555725
0.8644565939903259
0.9520643949508667
0.3702755868434906
0.9864785671234131
0.35084670782089233
0.9176810383796692
0.6582862734794617
0.2737901210784912
0.5744524002075195
0.5579508543014526
0.9928379058837891
0.861307680606842
0.7884787321090698
0.8770076036453247
0.22764012217521667
0.6791870594024658
0.9985761642456055
0.7909704446792603
0.6008185148239136
0.975692629814148
0.8321638107299805
0.4913029074668884
0.7872070074081421
0.20894847810268402
0.49561136960983276
0.8482862710952759
0.4464854598045349
0.9859369993209839
0.8471227884292603
0.6757362484931946
0.2544982135295868
0.7705995440483093
0.680438756942749
0.9045675992965698
0.6555750370025635
0.46711453795433044
0.7662146091461182
0.6086039543151855
0.8780925273895264
0.9843812584877014
0.7699881196022034
0.37129753828048706
0.876545786857605
0.7699617147445679
0.6517449617385864
0.3875880837440491
0.2827913761138916
0.6197767853736877
0.0954914540052414
0.5793420076370239
0.5743012428283691
0.569815456867218
0.5781782865524292
0.7703874111175537
0.3744865357875824
0.8263148069381714
0.7790072560310364
0.8527153730392456
0.13509315252304077
0.7758946418762207
0.6794756650924683
0.7643675804138184
0.5798499584197998
0.43594011664390564
0.7170746326446533
0.506070613861084
0.7434775829315186
0.6925063133239746
0.8973531126976013
0.9203897714614868
0.9226347208023071
0.03772442042827606
0.5745008587837219
0.4016765058040619
0.9053936004638672
0.5858128666877747
0.9501998424530029
0.45250290632247925
0.542756974697113
0.9441704750061035
0.041745781898498535
0.595386803150177
0.6053426265716553
0.5780953168869019
0.8687067627906799
0.020009415224194527
0.7662146091461182
0.5171772837638855
0.5813750624656677
0.8429864048957825
0.7531090974807739
0.2905551493167877
0.5991497039794922
0.46890395879745483
0.8232327699661255
0.657823920249939
0.812734842300415
0.67624831199646
0.8962498903274536
0.041289523243904114
0.350184828042984
0.7105228900909424
0.8777117729187012
0.799583375453949
0.7744348049163818
0.6827062964439392
0.87574303150177
0.9465453624725342
0.9405494928359985
0.6677656769752502
0.7835127115249634
0.9397302269935608
0.3986278772354126
0.1864318698644638
0.9362966418266296
0.6757727861404419
0.7719904184341431
0.7295171618461609
0.9054062366485596
0.9830178022384644
0.5660576820373535
0.9749687910079956
0.817453920841217
0.5669924020767212
0.1971583515405655
0.6634578704833984
0.7558906078338623
0.9858347177505493
0.9462647438049316
0.7058488130569458
0.5660576820373535
0.9003082513809204
0.5814923644065857
0.9263443946838379
0.8079916834831238
0.9908355474472046
0.6898015141487122
0.7632657885551453
0.7899570465087891
0.8795621991157532
0.4314589202404022
0.6036574840545654
0.6132456660270691
0.8243811130523682
0.9191937446594238
0.5776383280754089
0.7775130271911621
0.9383352994918823
0.46837759017944336
0.7525136470794678
0.9687952399253845
0.3066224753856659
0.7646976709365845
0.3794366121292114
0.7031316757202148
0.14938129484653473
0.8434995412826538
0.8523259162902832
0.5500795245170593
0.5520386695861816
0.05459738150238991
0.9277133345603943
0.5665515661239624
0.8071149587631226
0.5500017404556274
0.19471654295921326
0.09129881858825684
0.21349897980690002
0.31918132305145264
0.5908005237579346
0.15200625360012054
0.3165653944015503
0.9544218182563782
0.6103149652481079
0.894305944442749
0.7138804793357849
0.9413245916366577
0.13366419076919556
0.9514461755752563
0.9299176931381226
0.926217794418335
0.5912477374076843
0.43658578395843506
0.6387311220169067
0.7724803686141968
0.8407805562019348
0.5199248790740967
0.9790785312652588
0.7956539988517761
0.5776383280754089
0.9924346804618835
0.6029577255249023
0.586230993270874
0.14477229118347168
0.5391162037849426
0.5774291157722473
0.9924571514129639
0.9723005294799805
0.25998058915138245
0.5480508804321289
0.5494675040245056
0.9189973473548889
0.916090726852417
0.6294164657592773
0.9747006893157959
0.8173266649246216
0.940796971321106
0.9666414260864258
0.8232327699661255
0.7918795943260193
0.41248929500579834
0.6984812617301941
0.7505365014076233
0.9304871559143066
0.6172439455986023
0.35692697763442993
0.533593475818634
0.48226696252822876
0.7779790759086609
0.17336273193359375
0.9267802834510803
0.3778209686279297
0.48070430755615234
0.7867507934570312
0.939003050327301
0.33189821243286133
0.5100759267807007
0.37088435888290405
0.6350430250167847
0.8407805562019348
0.6066628098487854
0.5129820108413696
0.645892322063446
0.21625865995883942
0.9793915748596191
0.9332247972488403
0.34102797508239746
0.9411042332649231
0.7070958614349365
0.5971717834472656
0.9463972449302673
0.8887975215911865
0.4026494324207306
0.4712277948856354
0.34402281045913696
0.16571101546287537
0.9115051627159119
0.8875195980072021
0.5530075430870056
0.5892826318740845
0.5774551630020142
0.7280690670013428
0.6555241346359253
0.5447876453399658
0.6741806268692017
0.5098819732666016
0.5565179586410522
0.7933740615844727
0.4248011112213135
0.667839765548706
0.9734256267547607
0.8399122357368469
0.6776919364929199
0.574088990688324
0.8216191530227661
0.2160486876964569
0.940640926361084
0.47889578342437744
0.8199326992034912
0.7099050283432007
0.6262087821960449
0.25153180956840515
0.5971310138702393
0.364548921585083
0.4552057385444641
0.6178689002990723
0.890525221824646
0.7109728455543518
0.2314658761024475
0.10300552099943161
0.9528784155845642
0.7138804793357849
0.3361690044403076
0.7811307907104492
0.67624831199646
0.9832947254180908
0.17733746767044067
0.5003869533538818
0.08123752474784851
0.8070755004882812
0.7467564940452576
0.543806791305542
0.08232319355010986
0.6211383938789368
0.7831076383590698
0.7360437512397766
0.4122093617916107
0.7777535915374756
0.392814576625824
0.8150597810745239
0.9694567918777466
0.8131835460662842
0.6565096974372864
0.15995565056800842
0.7542038559913635
0.6919968128204346
0.973430335521698
0.12866881489753723
0.7933489084243774
0.542817234992981
0.9561121463775635
0.8972586989402771
0.3196333646774292
0.8677492737770081
0.7327101230621338
0.8724865913391113
0.5316202044487
0.6845362186431885
0.5054290890693665
0.8156214952468872
0.5297926664352417
0.8979912996292114
0.6240621209144592
0.961461067199707
0.9330586194992065
0.5731785297393799
0.7145488858222961
0.7408607006072998
0.5879277586936951
0.9136455059051514
0.6744384765625
0.30311042070388794
0.504922091960907
0.5828908681869507
0.1458921730518341
0.6064094305038452
0.771723747253418
0.6254732012748718
0.5022374987602234
0.9148064851760864
0.861703634262085
0.8475532531738281
0.5054561495780945
0.5804015398025513
0.9579825401306152
0.1021227091550827
0.7242124080657959
0.9185168743133545
0.439172625541687
0.7758946418762207
0.7309914231300354
0.3454970121383667
0.9561121463775635
0.34872525930404663
0.7448388338088989
0.802184522151947
0.8498800992965698
0.8824485540390015
0.136502206325531
0.766028881072998
0.5685993432998657
0.5307275056838989
0.7596333026885986
0.4005489945411682
0.6550264358520508
0.8086589574813843
0.8642219305038452
0.8744723796844482
0.8118773698806763
0.22965222597122192
0.49504533410072327
0.6112518310546875
0.9473013281822205
0.5894092917442322
0.2654300034046173
0.9553604125976562
0.940640926361084
0.9924014210700989
0.6143638491630554
0.8238480687141418
0.5981638431549072
0.6794756650924683
0.9625674486160278
0.09654644876718521
0.3632066249847412
0.9192007780075073
0.6230403184890747
0.5992885828018188
0.6253649592399597
0.7657153606414795
0.11101093888282776
0.9383352994918823
0.5549904108047485
0.8813643455505371
0.5718787908554077
0.23440034687519073
0.9659334421157837
0.8836562633514404
0.9759025573730469
0.5047188997268677
0.3918476700782776
0.7127088308334351
0.1059509664773941
0.7277121543884277
0.8428791761398315
0.9109452366828918
0.9183155298233032
0.6844029426574707
0.6476879119873047
0.7019741535186768
0.3500605523586273
0.12394317984580994
0.6120001077651978
0.9299176931381226
0.9556417465209961
0.7434775829315186
0.648922860622406
0.9380409717559814
0.41543322801589966
0.7376911640167236
0.5919065475463867
0.17625007033348083
0.5851574540138245
0.21690455079078674
0.43278396129608154
0.5499675273895264
0.23140671849250793
0.5195929408073425
0.4592936635017395
0.700352132320404
0.5455807447433472
0.4847857356071472
0.2599177360534668
0.824684202671051
0.7223201990127563
0.5986807942390442
0.5968673825263977
0.951204240322113
0.973430335521698
0.43139564990997314
0.5907778739929199
0.9599273204803467
0.917035698890686
0.48179715871810913
0.9833670258522034
0.82157301902771
0.8403605818748474
0.30660921335220337
0.7068783044815063
0.3284446895122528
0.8168690204620361
0.6737214922904968
0.932020902633667
0.2505300045013428
0.5766777992248535
0.5283393859863281
0.3389715552330017
0.747528076171875
0.7058488130569458
0.5095170736312866
0.3377089202404022
0.7397262454032898
0.5733910202980042
0.5573243498802185
0.9989080429077148
0.7445147037506104
0.7388017177581787
0.916707456111908
0.510880172252655
0.5975663661956787
0.6393033266067505
0.5988109707832336
0.586230993270874
0.5559583902359009
0.11416728049516678
0.747466504573822
0.6529401540756226
0.39084649085998535
0.25865066051483154
0.8133454322814941
0.5909336805343628
0.9935154914855957
0.7171369791030884
0.36072230339050293
0.5429621338844299
0.5570581555366516
0.086082324385643
0.9154446125030518
0.5067100524902344
0.6240440011024475
0.9184575080871582
0.7566406726837158
0.4983709752559662
0.5567079782485962
0.4413119852542877
0.567749559879303
0.6529401540756226
0.3885917067527771
0.4404124319553375
0.861703634262085
0.5858272910118103
0.601504921913147
0.2803916335105896
0.9526797533035278
0.25388139486312866
0.6246201992034912
0.7860144376754761
0.6959370374679565
0.5733211040496826
0.9263443946838379
0.7938163876533508
0.5181334018707275
0.2520500123500824
0.6102057695388794
0.23571345210075378
0.723416268825531
0.8377594947814941
0.428448349237442
0.6909616589546204
0.9266302585601807
0.6251488327980042
0.6726560592651367
0.5394276976585388
0.32798367738723755
0.710873007774353
0.7181276082992554
0.836146354675293
0.6254732012748718
0.5576528310775757
0.9510931372642517
0.9694567918777466
0.7099050283432007
0.9473013281822205
0.9027706384658813
0.24818576872348785
0.89984130859375
0.5819091796875
0.9368466734886169
0.8024664521217346
0.6569828391075134
0.5079842209815979
0.5908005237579346
0.5847485065460205
0.9350169897079468
0.17301258444786072
0.33151155710220337
0.5690180659294128
0.1714559644460678
0.9768831729888916
0.5637475252151489
0.8876516222953796
0.387042373418808
0.5065322518348694
0.5467603802680969
0.5442291498184204
0.44917088747024536
0.9072660803794861
0.4967246353626251
0.287659227848053
0.5061591863632202
0.5301249027252197
0.11606471240520477
0.8647282123565674
0.5391810536384583
0.9457083940505981
0.6155070066452026
0.5059524774551392
0.5858272910118103
0.6629593372344971
0.645892322063446
0.9993671178817749
0.24973347783088684
0.9647822380065918
0.47595706582069397
0.7280690670013428
0.8271480798721313
0.5731785297393799
0.7699617147445679
0.8629131317138672
0.5576609373092651
0.17794501781463623
0.08895307779312134
0.5881460309028625
0.7284547090530396
0.9357588887214661
0.38692012429237366
0.37422800064086914
0.6365387439727783
0.7525136470794678
0.6414714455604553
0.41698718070983887
0.064736507833004
0.5344984531402588
0.7843285799026489
0.7945390939712524
0.7372798919677734
0.8471227884292603
0.49981385469436646
0.9924571514129639
0.8238480687141418
0.9908355474472046
0.3273370563983917
0.5267428755760193
0.6772243976593018
0.5183928608894348
0.2524472773075104
0.7176145315170288
0.9754062294960022
0.6681438684463501
0.6501935720443726
0.7376911640167236
0.5690048336982727
0.6832089424133301
0.89984130859375
0.8681076765060425
0.3374782204627991
0.5690641403198242
0.37733495235443115
0.7150941491127014
0.6408544778823853
0.48139485716819763
0.6491522789001465
0.18631234765052795
0.6477451920509338
0.8804448246955872
0.5494675040245056
0.7715740203857422
0.19697284698486328
0.5183928608894348
0.9723005294799805
0.5997228622436523
0.44823360443115234
0.7196520566940308
0.16721418499946594
0.5270283222198486
0.9859369993209839
0.683110237121582
0.1391214281320572
0.2823166251182556
0.5007188320159912
0.8137797117233276
0.8551588654518127
0.6630617380142212
0.8176509141921997
0.5840823650360107
0.4514291286468506
0.5733910202980042
0.5530075430870056
0.6262087821960449
0.7563050985336304
0.8874220252037048
0.8979912996292114
0.2465556561946869
0.44040101766586304
0.3192764222621918
0.9882091879844666
0.7509459257125854
0.9032317399978638
0.46510982513427734
0.46759429574012756
0.821697473526001
0.23556451499462128
0.5722684860229492
0.10420925170183182
0.8998554944992065
0.600690484046936
0.5780505537986755
0.772005558013916
0.14102350175380707
0.5977922677993774
0.14993369579315186
0.6367323398590088
0.27954620122909546
0.7489043474197388
0.7170746326446533
0.2990553081035614
0.6543118953704834
0.7329424619674683
0.21728187799453735
0.45491474866867065
0.7715740203857422
0.9832947254180908
0.8683173656463623
0.5780953168869019
0.7228794097900391
0.16960665583610535
0.4666803479194641
0.7372798919677734
0.7479588985443115
0.2165086567401886
0.8868107795715332
0.5076361894607544
