0.9799015522003174
0.8422911167144775
0.9539216756820679
0.9635154008865356
0.8858485221862793
0.894688069820404
0.9010199308395386
0.8860883116722107
0.9739910364151001
0.9874850511550903
0.9686130881309509
0.8088377714157104
0.914374828338623
0.946638822555542
0.9412208199501038
0.9999999403953552
0.9558305740356445
0.9277498722076416
0.8992498517036438
0.9076085686683655
0.9603783488273621
0.8848866820335388
0.8939473628997803
0.8874861001968384
0.9696354866027832
0.9788821339607239
0.9507240653038025
0.9285602569580078
0.9662734270095825
0.9220419526100159
0.9712915420532227
1.0000001192092896
0.9043840765953064
0.8575748205184937
0.9391168355941772
0.9572645425796509
0.9576289653778076
0.9023038148880005
0.8168512582778931
0.9512996673583984
0.9153339266777039
0.9597916603088379
0.930199384689331
0.9077978134155273
0.907416045665741
0.8199673891067505
1.0000001192092896
0.9799618124961853
0.9525859355926514
0.8036382794380188
0.9551326036453247
0.9432323575019836
0.9192386865615845
0.9978084564208984
0.9412097930908203
0.9851544499397278
0.9406454563140869
1.0
0.9806169271469116
0.8838276863098145
0.9442344903945923
0.9092586636543274
0.9484266042709351
0.9275863170623779
0.866908073425293
0.8943352699279785
0.8726900219917297
0.9343339800834656
0.982309103012085
0.9992903470993042
1.0000001192092896
0.9387721419334412
0.9394674897193909
0.9656055569648743
0.902203381061554
0.9313706159591675
0.9694861173629761
0.9262595772743225
0.922369122505188
0.9785815477371216
0.9467906355857849
0.963099479675293
0.9707878828048706
0.9353333115577698
0.9999998807907104
0.9270406365394592
0.9431197643280029
0.903083324432373
0.8190979957580566
0.9032725691795349
0.8490074276924133
0.9778010249137878
0.8978528380393982
0.843559741973877
0.8201388120651245
0.9937236309051514
0.8374983668327332
0.8200249075889587
0.9713994264602661
0.8986691236495972
0.8717095255851746
0.9619942903518677
0.9176238775253296
0.9477084875106812
0.8993101716041565
0.9347521662712097
0.9217309951782227
0.9196890592575073
0.8644949197769165
0.9284085631370544
0.9492670297622681
0.9268903732299805
0.8910032510757446
0.8865260481834412
0.9700747132301331
0.9999998807907104
0.9131305813789368
0.8622851967811584
0.7367110848426819
0.9185577630996704
0.9725779891014099
0.9864621758460999
0.9709999561309814
0.9003658890724182
0.8043996691703796
0.8015435338020325
0.9411477446556091
0.9499451518058777
0.9213629961013794
0.8964210748672485
0.9141939878463745
0.8435282707214355
0.9654250144958496
0.9159938097000122
0.8860636353492737
0.6965674161911011
0.6586996912956238
0.8824493885040283
0.9403042197227478
0.9165527820587158
0.8436742424964905
0.7767337560653687
0.8791562914848328
0.7754089832305908
0.8988240957260132
0.949569046497345
0.9090306758880615
0.8906854391098022
0.9345315098762512
0.9830342531204224
0.7214784622192383
0.9263734221458435
0.9852088689804077
0.8937547206878662
0.949333667755127
0.8228352069854736
0.9019266366958618
0.8867143392562866
0.9495859742164612
0.9701788425445557
0.9057391881942749
0.9352391362190247
0.8387118577957153
0.8208261132240295
0.9174195528030396
0.9173911809921265
0.9726455211639404
0.966768741607666
0.9374200105667114
0.8407432436943054
0.9051703214645386
0.9784690141677856
0.9481133222579956
0.8776497840881348
0.8933834433555603
0.8667105436325073
0.9487943649291992
0.8095496892929077
0.9751501679420471
0.9426280856132507
0.8533173203468323
0.857765793800354
0.9560425281524658
0.8506108522415161
0.8746469020843506
0.9235156774520874
0.7324157357215881
0.809859037399292
0.8177536725997925
0.8825696110725403
0.79856276512146
0.9307124614715576
0.9139124155044556
0.9651488065719604
0.6866359710693359
0.9214290976524353
0.8729841709136963
0.9091195464134216
0.9819520711898804
0.7689099907875061
0.8876388669013977
0.905292272567749
0.8407450914382935
0.6865965127944946
0.8557204008102417
0.9807480573654175
0.8583371639251709
0.7135489583015442
0.8388381600379944
0.8328213691711426
0.8337395191192627
0.8005896806716919
0.8390355110168457
0.9312881231307983
0.9227149486541748
0.930843710899353
0.8411568403244019
0.8404973745346069
0.9245189428329468
0.8729227781295776
0.9239293336868286
0.9235999584197998
0.7329418659210205
0.7337737083435059
0.9519315958023071
0.9656422138214111
0.9063056707382202
0.9111952185630798
0.7479192018508911
0.9756070971488953
0.949032723903656
0.9165266752243042
0.8401362895965576
0.8025805950164795
0.9897520542144775
0.8256425261497498
0.7974759340286255
0.8842265605926514
0.8973524570465088
0.8609826564788818
0.8545772433280945
0.9479635953903198
0.9598892331123352
0.8203855752944946
0.9506635665893555
0.744734525680542
0.8354116678237915
0.5808299779891968
0.7393203973770142
0.9643696546554565
0.9491709470748901
0.9220774173736572
0.8954986333847046
0.9608500003814697
0.8297854661941528
0.8740180134773254
0.8313707113265991
0.7228463888168335
0.5535880327224731
0.7627418041229248
0.7473410367965698
0.9695540070533752
0.7869155406951904
0.9544103145599365
0.8673838376998901
0.9437268376350403
0.9135780930519104
0.9027066230773926
0.8954099416732788
0.7130175232887268
0.7398484945297241
0.9432717561721802
0.7804009914398193
0.8199352025985718
0.9119380116462708
0.871434211730957
0.8679790496826172
0.716556191444397
0.8134747743606567
0.7878400683403015
0.7509440779685974
0.8699575662612915
0.9245107173919678
0.7916626334190369
0.9313956499099731
0.9365309476852417
0.8514202833175659
0.8660073280334473
0.8190027475357056
0.7673709392547607
0.7452123165130615
0.8099981546401978
0.8145244121551514
0.7958791255950928
0.85500568151474
0.925998330116272
0.8255560398101807
0.8527304530143738
0.8388792872428894
0.7560739517211914
0.7281438112258911
0.6367567777633667
0.9083609580993652
0.9345675706863403
0.8926805257797241
0.8965906500816345
0.6871616840362549
0.7185562252998352
0.8491135239601135
0.8524383306503296
0.9490053057670593
0.9730789065361023
0.7487857341766357
0.8232218027114868
0.7120791673660278
0.7891390323638916
0.7651821374893188
0.8413529396057129
0.5096279978752136
0.8872256278991699
0.8183797597885132
0.739377498626709
0.9499068260192871
0.9024138450622559
0.8580046892166138
0.635811448097229
0.8020095825195312
0.8612557649612427
0.897344708442688
0.9383271932601929
0.9146722555160522
0.9819290637969971
0.9548903703689575
0.9078666567802429
0.8723921775817871
0.7682465314865112
0.9635337591171265
0.9294264316558838
0.8724749684333801
0.8841900825500488
0.9293829202651978
0.6992095708847046
0.8547680377960205
0.8516331315040588
0.8999335765838623
0.9042779207229614
0.7406046986579895
0.8016314506530762
0.7620911598205566
0.7820736169815063
0.8893720507621765
0.9038713574409485
0.9504706859588623
0.8205921053886414
0.7980202436447144
0.8244543671607971
0.9430918097496033
0.8698107004165649
0.7451196908950806
0.8765896558761597
0.7518463134765625
0.7231026887893677
0.8290227651596069
0.837424635887146
0.44185489416122437
0.785309910774231
0.8008702397346497
0.6841396689414978
0.9065089225769043
0.7923793792724609
0.7946877479553223
0.6624680757522583
0.550230860710144
0.9441657066345215
0.9109369516372681
0.9369783401489258
0.9798159599304199
0.9113959074020386
0.7307090759277344
0.7712777853012085
0.7350761890411377
0.9530185461044312
0.8951073884963989
0.9120624661445618
0.872940719127655
0.7983013391494751
0.5908578634262085
0.8352254629135132
0.9122452139854431
0.8357713222503662
0.9234402775764465
0.8660197257995605
0.8033785223960876
0.9856550693511963
0.81947261095047
0.8710212707519531
0.8952009081840515
0.593283474445343
0.7771048545837402
0.8989040851593018
0.7561708688735962
0.5173212289810181
0.7152684926986694
0.9001924395561218
0.9258734583854675
0.8729686737060547
0.8618881702423096
0.7963311076164246
0.9021836519241333
0.919845461845398
0.9135597944259644
0.7244301438331604
0.7779979109764099
0.6225752830505371
0.6804602146148682
0.8734785914421082
0.8482363820075989
0.6387757062911987
0.834075927734375
0.6973203420639038
0.8470652103424072
0.713241696357727
0.6673669815063477
0.5787760615348816
0.7643080949783325
0.7996308207511902
0.7796529531478882
0.8552418351173401
0.9209922552108765
0.5504424571990967
0.8172012567520142
0.7881674766540527
0.8932628631591797
0.6217590570449829
0.7741327285766602
0.7186482548713684
0.6410242319107056
0.7742948532104492
0.7497134208679199
0.8750600218772888
0.6475620865821838
0.9356602430343628
0.8055883646011353
0.875614583492279
0.7389219403266907
0.7255213260650635
0.7784965634346008
0.8201886415481567
0.9237757325172424
0.5934340357780457
0.9126697182655334
0.9478814005851746
0.7089474201202393
0.8210362195968628
0.8259785175323486
0.941730260848999
0.813827395439148
0.7041035890579224
0.5796435475349426
0.7152751088142395
0.7627722024917603
0.6016095876693726
0.7755618095397949
0.3285519480705261
0.8135921955108643
0.8216459155082703
0.6798514127731323
0.7827666997909546
0.9794380068778992
0.7838435173034668
0.7639135718345642
0.8215371370315552
0.8912994861602783
0.9469011425971985
0.7761682868003845
0.47634556889533997
0.8885056972503662
0.8092825412750244
0.6854144334793091
0.7034984230995178
0.556377649307251
0.7702213525772095
0.9669137001037598
0.6389373540878296
0.5677391290664673
0.7375262975692749
0.7918840646743774
0.7368640899658203
0.8334664106369019
0.7118015885353088
0.7619712352752686
0.665324330329895
0.6970158219337463
0.6759699583053589
0.7793232202529907
0.8667335510253906
0.7281648516654968
0.8969740867614746
0.8874945640563965
0.746515154838562
0.5108452439308167
0.6438448429107666
0.34787601232528687
0.8925072550773621
0.6785387992858887
0.7612408399581909
0.7153383493423462
0.6420404314994812
0.8822975158691406
0.8875452876091003
0.8329297304153442
0.9497407674789429
0.7175019979476929
0.70131516456604
0.7961413860321045
0.8038606643676758
0.8278651237487793
0.8522371053695679
0.6255654692649841
0.7132890224456787
0.789026141166687
0.5795503854751587
0.895533561706543
0.8457207679748535
0.9021706581115723
0.6665030121803284
0.5484083890914917
0.7504847049713135
0.6960242390632629
0.6858540773391724
0.5373594164848328
0.7770967483520508
0.6049861907958984
0.7314550876617432
0.5061535835266113
0.8298696279525757
0.8997253775596619
0.9191560745239258
0.7171739339828491
0.9240328669548035
0.6590834856033325
0.683060884475708
0.5403305888175964
0.5010042786598206
0.6604430675506592
0.8739715814590454
0.658646821975708
0.517176628112793
0.8045640587806702
0.8095612525939941
0.8484249114990234
0.6953811049461365
0.9481956958770752
0.7167414426803589
0.8862215280532837
0.9041391015052795
0.793796718120575
0.7704746723175049
0.9572315216064453
0.748055100440979
0.7572633028030396
0.9061861038208008
0.746099054813385
0.8555867671966553
0.7968137264251709
0.905016303062439
0.6441203355789185
0.7906261682510376
0.7557379007339478
0.7582998275756836
0.5165339708328247
0.6741086840629578
0.4560510516166687
0.7039211392402649
0.8631796836853027
0.7793917059898376
0.5690155625343323
0.8874338865280151
0.7061139345169067
0.6755896210670471
0.7448117136955261
0.7018849849700928
0.8939804434776306
0.7103718519210815
0.7707371711730957
0.6077948808670044
0.8022428750991821
0.693068265914917
0.7048062086105347
0.8372654914855957
0.8331339359283447
0.7305927276611328
0.7743213176727295
0.8062577843666077
0.6937011480331421
0.5634886622428894
0.43325576186180115
0.39621761441230774
0.7419266104698181
0.5105581283569336
0.6757527589797974
0.5906665325164795
0.6637333631515503
0.643500566482544
0.7713574171066284
0.569270133972168
0.7890952825546265
0.5282803773880005
0.7597424983978271
0.7465081214904785
0.35954713821411133
0.6322813630104065
0.5107383728027344
0.8503516912460327
0.7141376733779907
0.6560000777244568
0.7311028242111206
0.5977898836135864
0.8447676301002502
0.5001482963562012
0.6293050050735474
0.29835641384124756
0.6937668323516846
0.8736733198165894
0.46039795875549316
0.8390129208564758
0.38791942596435547
0.811977744102478
0.7925793528556824
0.5170223116874695
0.9298967123031616
0.521206259727478
0.663378119468689
0.5615687370300293
0.3929324746131897
0.8228667378425598
0.5081348419189453
0.5032460689544678
0.5812581181526184
0.6920287013053894
0.7145580053329468
0.7944568395614624
0.7177705764770508
0.6692569255828857
0.7922506332397461
0.4970720708370209
0.7924218773841858
0.7989099025726318
0.6479946374893188
0.6837879419326782
0.6743120551109314
0.7596814036369324
0.6976393461227417
0.8646532893180847
0.4243497848510742
0.8363358974456787
0.34986788034439087
0.4842749834060669
0.8972747921943665
0.39743244647979736
0.6530815362930298
0.9332593679428101
0.5733681321144104
0.8029657602310181
0.5724607706069946
0.76082444190979
0.9086132049560547
0.41538143157958984
0.6925103664398193
0.5344618558883667
0.7108154892921448
0.6710700988769531
0.6210382580757141
0.7478932738304138
0.6656767725944519
0.8019740581512451
0.6249854564666748
0.774376630783081
0.843754768371582
0.524374783039093
0.5982023477554321
0.6987560987472534
0.5292088389396667
0.7023924589157104
0.6452401280403137
0.8953731060028076
0.5549542307853699
0.7409570813179016
0.6579166650772095
0.5772647857666016
0.6404871344566345
0.401040256023407
0.4715254604816437
0.9293525218963623
0.6916795969009399
0.6329662799835205
0.6702266931533813
0.7552757263183594
0.6764115691184998
0.46211206912994385
0.3934847116470337
0.6571069359779358
0.6595468521118164
0.4054757058620453
0.9550426006317139
0.3251723051071167
0.7173913717269897
0.6145439147949219
0.6012638211250305
0.191303551197052
0.7632097005844116
0.7722815275192261
0.8328052163124084
0.6048981547355652
0.8134087324142456
0.48749983310699463
0.7199947237968445
0.4749600291252136
0.8807122111320496
0.5499513149261475
0.4480305314064026
0.7228424549102783
0.8298126459121704
0.5556291937828064
0.7462552785873413
0.5932896137237549
0.5155611038208008
0.5129698514938354
0.568583071231842
0.4780483841896057
0.6893839240074158
0.8457145690917969
0.4161953926086426
0.5931515693664551
0.520868718624115
0.8123156428337097
0.28784704208374023
0.6949922442436218
0.7856208086013794
0.7404215335845947
0.9256237745285034
0.6596325635910034
0.7252976894378662
0.5953654050827026
0.777504563331604
0.827422022819519
0.7068639993667603
0.5796060562133789
0.5711802244186401
0.6682571172714233
0.7100025415420532
0.7266972661018372
0.6016852855682373
0.4285780191421509
0.5627413988113403
0.48392730951309204
0.7089089155197144
0.6881593465805054
0.6100921630859375
0.68211829662323
0.5826314687728882
0.5207671523094177
0.46335136890411377
0.5838136672973633
0.5828419327735901
0.45387521386146545
0.4519965350627899
0.7910032272338867
0.7756335735321045
0.3855358064174652
0.6518582105636597
0.08110256493091583
0.7341907620429993
0.5460386276245117
0.5919637680053711
0.3243553042411804
0.7691676616668701
0.6509500741958618
0.7222658395767212
0.6138280630111694
0.5395898818969727
0.2948812246322632
0.519511342048645
0.5233612060546875
0.7610421180725098
0.5839962959289551
0.8810503482818604
0.35858744382858276
0.5251064300537109
0.6011092662811279
0.6191245913505554
0.7800613641738892
0.6013902425765991
0.4781138300895691
0.8099455833435059
0.9485886693000793
0.9664343595504761
0.9457005262374878
0.9428342580795288
0.777562141418457
0.8870459794998169
0.9060163497924805
0.9936226606369019
0.9647533893585205
0.968311607837677
0.9508578777313232
0.9368788003921509
1.0000001192092896
0.9573407173156738
0.8746287226676941
0.6526632308959961
0.9999999403953552
0.9512108564376831
0.8066917061805725
0.9067020416259766
0.939016580581665
0.8476467132568359
0.9129475951194763
0.9895651340484619
0.9668152332305908
0.680484414100647
0.9700986742973328
0.914261519908905
0.9509772062301636
0.9689354300498962
0.8950523734092712
0.9849151968955994
0.7832541465759277
0.8775677680969238
0.6566270589828491
0.849632203578949
0.9846050143241882
0.7030456066131592
0.9915255308151245
0.9610459804534912
0.9806385636329651
0.9256038665771484
0.8892158269882202
0.5955386161804199
0.9432103037834167
0.8780804872512817
0.9192919731140137
0.6472948789596558
0.8880393505096436
0.6380905508995056
0.9066910147666931
0.9670752286911011
0.9629054069519043
0.9663289785385132
0.9525185823440552
0.9561680555343628
0.9345902800559998
0.892192542552948
0.9708752036094666
0.8681735992431641
0.9223659038543701
0.8683898448944092
0.9510068893432617
0.9513342976570129
0.9341098070144653
0.9632827639579773
0.4244599938392639
0.6238946914672852
0.8141692876815796
0.9479846954345703
0.9550508260726929
0.9500266909599304
0.6972399950027466
0.8097485303878784
0.872552752494812
0.5510876178741455
0.8531228303909302
0.9694769382476807
0.9395042657852173
0.9588738083839417
0.9067059755325317
0.7405734062194824
0.7859116196632385
0.7464238405227661
0.9543149471282959
0.9585268497467041
0.9521540403366089
0.9463739395141602
0.9543161392211914
0.942254900932312
0.7245863676071167
0.6930950880050659
0.6727615594863892
0.8473795652389526
0.9606300592422485
0.668004035949707
0.4479835629463196
0.575355052947998
0.9114832878112793
0.8800041675567627
0.6083381772041321
0.9323702454566956
0.9289074540138245
0.659436047077179
0.9305330514907837
0.939734935760498
0.8490859270095825
0.8867200613021851
0.9701676368713379
0.9061181545257568
0.9367762207984924
0.9356573820114136
0.7998325228691101
0.8687191009521484
0.8091633915901184
0.6643611192703247
0.8097479343414307
0.5010521411895752
0.8431894779205322
0.8795984983444214
0.6981881260871887
0.7806086540222168
0.9106592535972595
0.8004863262176514
0.76627117395401
0.7886687517166138
0.5617780089378357
0.844647228717804
0.640264630317688
0.8410494327545166
0.6738190054893494
0.8121871948242188
0.7762545347213745
0.7625274658203125
0.8721520900726318
0.9078521728515625
0.899669885635376
0.8357521295547485
0.8181782960891724
0.859595775604248
0.6768146753311157
0.6776536107063293
0.7655330896377563
0.7216281294822693
0.9036294221878052
0.6713757514953613
0.38159218430519104
0.765350878238678
0.5648931264877319
0.7658660411834717
0.8128742575645447
0.8662151098251343
0.5782817602157593
0.5749980211257935
0.680510401725769
0.7509799599647522
0.7448201775550842
0.715294599533081
0.8829807043075562
0.7951669692993164
0.7181603908538818
0.9097566604614258
0.7289754748344421
0.39061230421066284
0.920111894607544
0.7741141319274902
0.9165456295013428
0.8680518865585327
0.918328046798706
0.9551576375961304
0.6709758043289185
0.6724815964698792
0.6212595105171204
0.4395170509815216
0.886654257774353
0.5800533890724182
0.7669474482536316
0.8880972862243652
0.5525519251823425
0.9349198341369629
0.8340088129043579
0.9583766460418701
0.8291630744934082
0.8050468564033508
0.6261433959007263
0.7291170358657837
0.7013187408447266
0.7742229700088501
0.8403363227844238
0.8043001890182495
0.4893263280391693
0.6422273516654968
0.8157005310058594
0.803902804851532
0.7314024567604065
0.790740966796875
0.6807922124862671
0.9486682415008545
0.6912416219711304
0.30249860882759094
0.7759679555892944
0.7856673002243042
0.5602474808692932
0.5837690234184265
0.8007115125656128
0.6062852144241333
0.7550426125526428
0.9361010193824768
0.566867470741272
0.6061956882476807
0.5332187414169312
0.8301591873168945
0.8558770418167114
0.8200597167015076
0.7112129926681519
0.4531063437461853
0.7042273283004761
0.849821925163269
0.8277842998504639
0.8283077478408813
0.696282148361206
0.682705283164978
0.7503340244293213
0.7343632578849792
0.7332749366760254
0.718694806098938
0.7766744494438171
0.9383746385574341
0.6895177364349365
0.675361692905426
0.38156771659851074
0.7185830473899841
0.6229271292686462
0.7064735293388367
0.49110400676727295
0.5767288208007812
0.749301552772522
0.8694930076599121
0.8100196719169617
0.7301657199859619
0.8124383687973022
0.6648348569869995
0.5941095352172852
0.3135186731815338
0.20442572236061096
0.9643090963363647
0.5252991914749146
0.82558274269104
0.49966809153556824
0.7368597388267517
0.8111729621887207
0.5571433305740356
0.6648572683334351
0.42920440435409546
0.6795130372047424
0.8216763734817505
0.8490948677062988
0.4928366541862488
0.6191777586936951
0.7297688722610474
0.641377329826355
0.48777300119400024
0.5949155688285828
0.7933734655380249
0.5052353143692017
0.7802898287773132
0.670641303062439
0.4575713872909546
0.6378210783004761
0.89100182056427
0.46427011489868164
0.7265819907188416
0.8533114790916443
0.5353732705116272
0.878058671951294
0.6594244837760925
0.6567192077636719
0.7391374707221985
0.9453023076057434
0.5955004692077637
0.3295356035232544
0.33624690771102905
0.9698967933654785
0.7558155059814453
0.6289196014404297
0.36429545283317566
0.59150230884552
0.883650004863739
0.9761232733726501
0.5535422563552856
0.9137219190597534
0.6921132802963257
0.5718681216239929
0.6627981662750244
0.7083165645599365
0.533110499382019
0.7007825374603271
0.5796386003494263
0.7277954816818237
0.7013956308364868
0.8718360662460327
0.7247956395149231
0.5761159062385559
0.584236741065979
0.6982884407043457
0.5208966732025146
0.7937597036361694
0.5159640908241272
0.9064358472824097
0.8577854633331299
0.637847900390625
0.8134008646011353
0.37889909744262695
0.4065515995025635
0.618986964225769
0.43648838996887207
0.8998532295227051
0.29676997661590576
0.3334982991218567
0.5026201605796814
0.6255258321762085
0.7097471356391907
0.5252676010131836
0.7549060583114624
0.5951890349388123
0.6860926151275635
0.4422759413719177
0.6411752700805664
0.41828304529190063
0.5684995651245117
0.8176281452178955
0.686427652835846
0.7209283113479614
0.5959955453872681
0.8080554008483887
0.7441649436950684
0.4872470796108246
0.4979550242424011
0.6425189971923828
0.6323967576026917
0.8776583671569824
0.507634699344635
0.7165829539299011
0.5614140629768372
0.6375014781951904
0.5932561755180359
0.8650898337364197
0.7422243356704712
0.7041473984718323
0.6492934226989746
0.612859845161438
0.5542120933532715
0.7090238332748413
0.41877710819244385
0.596993625164032
0.8152475357055664
0.3887418210506439
0.7181224822998047
0.40953701734542847
0.5929012894630432
0.646136999130249
0.6865504384040833
0.64668869972229
0.6198338270187378
0.5494582653045654
0.7035232782363892
0.5533507466316223
0.34658440947532654
0.7057422399520874
0.5382596850395203
0.41939258575439453
0.25927111506462097
0.4895041286945343
0.33799418807029724
0.5351056456565857
0.17266978323459625
0.5553269386291504
0.634351372718811
0.6126388311386108
0.6565210819244385
0.5893107056617737
0.5343445539474487
0.3396762013435364
0.5588396191596985
0.42184436321258545
0.5006225109100342
0.3033149838447571
0.6800775527954102
0.6733463406562805
0.4653148651123047
0.8994788527488708
0.697352409362793
0.7480002641677856
0.27395984530448914
0.4111314117908478
0.6442663669586182
0.43668031692504883
0.4995255172252655
0.5833505988121033
0.6907246112823486
0.4723898768424988
0.6318188309669495
0.7469885349273682
0.6073057651519775
0.2446276843547821
0.6206299066543579
0.8057016730308533
0.5804567337036133
0.5573722124099731
0.8147464990615845
0.45707228779792786
0.678618311882019
0.49718499183654785
0.39545586705207825
0.6193229556083679
0.7822408676147461
0.3813977837562561
0.6561510562896729
0.6863372325897217
0.49372416734695435
0.68671053647995
0.8419537544250488
0.6135557889938354
0.8787553906440735
0.5276691317558289
0.42720550298690796
0.7379658222198486
0.26464271545410156
0.9072017073631287
0.8047281503677368
0.4893953800201416
0.5803922414779663
0.5029223561286926
0.5815144181251526
0.3626815676689148
0.6419994831085205
0.3546089231967926
0.5733678936958313
0.5364105701446533
0.5790697336196899
0.39642515778541565
0.4604731500148773
0.426421195268631
0.5852769613265991
0.33535337448120117
0.6092000603675842
0.5133634805679321
0.7247368693351746
0.5058833360671997
0.3022143840789795
0.3432278633117676
0.424642413854599
0.21527400612831116
0.5834366083145142
0.569693386554718
0.337542861700058
0.5437628626823425
0.35264283418655396
0.5306457281112671
0.6474390029907227
0.7617815136909485
0.5512014031410217
0.6666841506958008
0.5252360701560974
0.5011156797409058
0.16450975835323334
0.4991980195045471
0.5316848158836365
0.4330572485923767
0.5388652086257935
0.5325784683227539
0.16641800105571747
0.5771556496620178
0.32905957102775574
0.2962372899055481
0.6216681003570557
0.6305193305015564
0.5329141616821289
0.5922732353210449
0.4903263449668884
0.2737288475036621
0.49947798252105713
0.16229254007339478
0.4993192255496979
0.38739410042762756
0.524267315864563
0.4598769545555115
0.562699019908905
0.8005209565162659
0.6771948933601379
0.31120193004608154
0.5939525365829468
0.49524638056755066
0.5409753918647766
0.647890567779541
0.3251505494117737
0.6858620643615723
0.3055441975593567
0.5105726718902588
0.09741024672985077
0.3227083086967468
0.7266527414321899
0.8477325439453125
0.789493203163147
-0.02801855467259884
0.21413554251194
0.4855809509754181
0.2502308487892151
-0.033227138221263885
0.2654624581336975
0.05829256772994995
0.5340666770935059
0.32155734300613403
0.1766558587551117
0.2517838478088379
0.24935053288936615
0.23433952033519745
0.2795274257659912
0.6052347421646118
0.0434303805232048
0.2349548041820526
0.5235164165496826
0.3008335828781128
0.2114742547273636
0.5865798592567444
0.5896108150482178
0.4517494738101959
0.6610619425773621
0.4577043652534485
0.09797640889883041
0.3941521942615509
0.5418951511383057
0.5296659469604492
0.20583003759384155
0.5575474500656128
0.5419788360595703
0.2727336287498474
0.305026113986969
0.2181297391653061
0.2536439299583435
0.46335500478744507
0.478408545255661
0.41346633434295654
0.44639599323272705
0.4093569815158844
0.5526588559150696
-0.04202524200081825
0.16381242871284485
0.14410986006259918
0.13411138951778412
0.4332161843776703
0.4318239390850067
0.161854550242424
0.6479806900024414
0.3850476145744324
0.6377772688865662
0.2989611029624939
0.6313798427581787
0.5552843809127808
0.27843421697616577
0.6430785655975342
0.32009345293045044
0.28603002429008484
0.09304942935705185
0.23876449465751648
0.4368059039115906
0.3670046329498291
0.15410661697387695
0.29657456278800964
0.15954524278640747
0.0748445987701416
0.5272133350372314
0.2806175947189331
0.5013464689254761
0.571694016456604
0.3910647928714752
0.44583553075790405
0.6006231307983398
0.15276770293712616
0.49938303232192993
0.3299790024757385
0.3450952172279358
0.1510602980852127
0.3495166003704071
0.3623376488685608
0.4065376818180084
0.4604012966156006
0.38451462984085083
0.007956922054290771
0.3334074020385742
0.24647556245326996
0.048051074147224426
0.584754467010498
0.18658417463302612
0.5059508681297302
0.237139493227005
0.037154216319322586
0.1293656975030899
0.43308618664741516
0.27357980608940125
0.6006882190704346
0.3799700438976288
0.6963517665863037
0.5137780904769897
0.393074631690979
0.42871081829071045
0.4561091661453247
0.020056787878274918
0.10996268689632416
0.4174363613128662
0.22058142721652985
0.26597851514816284
0.34882134199142456
0.1609354466199875
0.19983544945716858
0.015425343066453934
0.3383673429489136
0.23306143283843994
0.3963868319988251
0.3469429314136505
0.5541203022003174
0.5748764872550964
0.5095507502555847
0.08203233033418655
0.09246259927749634
0.1330626904964447
0.12513187527656555
0.46157437562942505
0.036309629678726196
0.29775381088256836
0.0716124176979065
0.2911442220211029
0.2055438756942749
0.06807837635278702
0.37590140104293823
0.3650902509689331
0.4551539421081543
0.3166733682155609
0.21110358834266663
0.3093302249908447
0.3551487326622009
0.35913804173469543
0.048750102519989014
0.14260661602020264
0.5251535177230835
0.4738001823425293
0.24511714279651642
0.26797133684158325
0.34075555205345154
0.21084512770175934
0.3052157759666443
0.33583390712738037
0.3927631378173828
0.3469002842903137
0.5615782737731934
0.45993250608444214
0.38350242376327515
0.10571318119764328
0.37131467461586
0.1896938979625702
0.05927000567317009
0.06193724274635315
0.4143010675907135
-0.009929332882165909
-0.026797937229275703
0.20564955472946167
0.03779051825404167
0.5507125854492188
0.3145407736301422
0.20400799810886383
0.3505973219871521
0.11354897916316986
0.2236030548810959
0.3233092725276947
0.13000425696372986
0.21804079413414001
0.16524623334407806
0.4204723834991455
0.2233448326587677
0.32884466648101807
0.3173762559890747
0.014523990452289581
0.23763737082481384
0.23032531142234802
0.2606276571750641
0.243522047996521
0.22317646443843842
0.6261478662490845
0.37972491979599
-0.08168435096740723
-0.01210238691419363
0.6036750078201294
0.11156531423330307
0.016085905954241753
0.1181022971868515
0.6606200337409973
0.5375057458877563
-0.08130048215389252
0.2594680190086365
0.07127745449542999
0.3818799555301666
0.7401578426361084
0.06557510048151016
