0.56398016
0.5767278
0.51404274
0.10542322
0.44100714
0.4090202
0.70225215
0.5043857
0.9288803
0.45418102
0.41978014
0.6953194
0.6607338
0.5589053
0.5744834
0.27785224
0.41313154
0.8096811
0.6420294
0.8105918
0.5409319
0.41011047
0.2858809
0.6470071
0.4888477
0.5444279
0.8020647
0.72001475
0.62678677
0.59919983
0.30311212
0.30071697
0.624908
0.50300187
0.3569481
0.3272289
0.6435357
0.46220124
0.6765654
0.5403367
0.38911194
0.33809072
0.55179644
0.46989894
0.35101905
0.590757
0.32019654
0.43760923
0.70366704
0.59764236
0.61188525
0.5242502
0.75512266
0.47131035
0.53144217
0.588903
0.56416196
0.31528854
0.55548614
0.5050619
0.384211
0.45518994
0.33910936
0.47775128
0.46068332
0.23365739
0.63297045
0.50511837
0.493553
0.49209312
0.18338108
0.5947443
0.5845496
0.5323842
0.45054784
0.5575968
0.30887654
0.31847996
0.35526377
0.40627557
0.3683849
0.45959985
0.6163943
0.6448247
0.5592548
0.24868338
0.25627112
0.67934465
0.5277753
0.5492707
0.7480593
0.40213063
0.55822253
0.7095103
0.32750794
0.84150136
0.48622185
0.7286108
0.5855625
0.6574425
0.69504535
0.8321452
0.62431765
0.1610781
0.36651465
0.41948253
0.68480223
0.8864608
0.34815398
0.4839424
0.19491388
0.4475552
0.4897356
0.39511037
0.80414456
0.48329645
0.41846955
0.5841729
0.68722266
0.282431
0.5655874
0.53315604
0.5430504
0.4760644
0.64983445
0.6079629
0.56730646
0.2844622
0.48159713
0.41028798
0.45739326
0.8293172
0.34896204
0.29611135
0.3669009
0.4184186
0.4714929
0.41560704
0.6087042
0.43975353
0.57662696
0.61618817
0.38804978
0.83551586
0.42530856
0.49789202
0.45656103
0.2801548
0.48314565
0.41501796
0.8013108
0.75401163
0.8255963
0.5106906
0.6652615
0.32634717
0.7785984
0.50839525
0.3228084
0.5892881
0.77472013
0.7432657
0.5417317
0.6053277
0.37463292
0.6385738
0.52545625
0.35679656
0.32981718
0.6806576
0.6344953
0.70351136
0.5157773
0.6131216
0.50013417
0.3016286
0.41758233
0.45332903
0.65451527
0.47326478
0.5889538
0.3573034
0.32810494
0.58941126
0.638894
0.30719408
0.72092843
0.41452497
0.8599743
0.50823
0.5991568
0.547464
0.5867334
0.34901989
0.47894228
0.52169365
0.4657718
0.50241435
0.46576548
0.11841187
0.5656837
0.7958459
0.8496804
0.7057674
0.2834178
0.44021434
0.6662233
0.6938205
0.66116124
0.7977598
0.63239056
0.72040665
0.42289817
0.42034954
0.9158457
0.6495469
0.45492625
0.31586078
0.7276825
0.46749073
0.42549568
0.7016697
0.4353377
0.7766834
0.29338482
0.5399991
0.91742784
0.569283
0.41507435
0.5839435
0.5097268
0.37938467
0.75052506
0.5192504
0.5096211
0.5494053
0.49000594
0.18650621
0.42026082
0.6715781
0.63838047
0.7141986
0.48160774
0.13048881
0.2410825
0.47605392
0.57219136
0.5987905
0.4501324
0.683973
0.43972754
0.46425563
0.5216964
0.7970918
0.1793509
0.67426306
0.5051643
0.57859296
0.6094511
0.32863337
0.3250245
0.6957565
0.40615845
0.769772
0.59480333
0.5769065
0.2058018
0.33198133
0.81491476
0.6051124
0.3580826
0.47550216
0.725482
0.42338586
0.20705944
0.40038884
0.9285853
0.24391173
0.83829606
0.8283063
0.37151405
0.53167653
0.715585
0.56212616
0.908999
0.59496933
0.37936538
0.2704372
0.60306334
0.33529857
0.5065896
0.36435422
0.5226212
0.4354046
0.31520897
0.34427005
0.64900386
0.43062276
0.37366298
0.4378476
0.44110775
0.655924
0.43495733
0.116027825
0.4635123
0.48382398
0.5322678
0.2439019
0.3123024
0.80814826
0.5666877
0.57836896
0.69332886
0.7759882
0.900536
0.6160484
0.48244813
0.40599176
0.32410428
0.376368
0.24710599
0.44281077
0.5725972
0.59800345
0.4808362
0.74138
0.4439257
0.7098642
0.63691473
0.655176
0.57572764
0.628193
0.13281968
0.8222881
0.5409472
0.4661669
0.7091118
0.2712887
0.516382
0.78904665
0.5598124
0.39124966
0.4353364
0.29169813
0.37759078
0.31151873
0.58476275
0.24782182
0.107432045
0.3276635
0.4815479
0.46671432
0.6979288
0.5301889
0.42218924
0.44774503
0.56656015
0.57954913
0.32262784
0.63788414
0.61070377
0.6487688
0.5276215
0.48755708
0.61464345
0.5946675
0.2790251
0.52158386
0.5466317
0.42647722
0.74459434
0.3108715
0.57628495
0.51351315
0.53242517
0.60656583
0.33101717
0.7221941
0.7845317
0.272053
0.6315255
0.43548554
0.48349527
0.68700635
0.46907923
0.8651573
0.5350748
0.52609646
0.53080434
0.5365545
0.72160786
0.57343674
0.42885822
0.56907743
0.4336978
0.51834935
0.69440895
0.5130968
0.83887196
0.7269773
0.36161938
0.35937983
0.2480272
0.37361774
0.62833875
0.7124659
0.5060591
0.34623548
0.34012333
0.512644
0.5054883
0.40269715
0.69489646
0.35397607
0.65543914
0.2667099
0.33455995
0.6636557
0.3085315
0.52383476
0.31998813
0.6669668
0.75319284
0.29577166
0.45757198
0.44093984
0.52275014
0.23311548
0.6515251
0.67879134
0.40743792
0.5789669
0.6999192
0.7461116
0.69894665
0.37296078
0.32795212
0.52136815
0.7528811
0.5327462
0.39252704
0.6400174
0.54214144
0.50633234
0.5526828
0.7808859
0.43705848
0.7242928
0.46156156
0.607502
0.5693289
0.5067471
0.35102278
0.3315267
0.680367
0.55302995
0.4431313
0.39848784
0.6178079
0.30090207
0.36645597
0.58175117
0.5353981
0.5368431
0.5809089
0.96530235
0.20220827
0.44311646
0.6583428
0.21191692
0.672169
0.6972503
0.5966765
0.5852004
0.68259037
0.5653872
0.35250458
0.6160602
0.32208097
0.40890303
0.5446447
0.517565
0.31321883
0.3611455
0.24119475
0.8277626
0.67051333
0.2872526
0.2852966
0.4366141
0.7088621
0.74751073
0.16791096
0.5451451
0.51527715
0.32605577
0.5781972
0.386423
0.36153904
0.4200344
0.381107
0.3645826
0.39161393
0.66072243
0.44052026
0.8121847
0.5784446
0.4672307
0.5583088
0.39367747
0.41916478
0.6008891
0.5624226
0.32670188
0.57519406
0.4914698
0.48181605
0.8574475
0.46962956
0.49838775
0.34972686
0.44053128
0.34028554
0.30518275
0.6356335
0.5290881
0.5147612
0.9217929
0.25755084
0.40829882
0.51951575
0.5516474
0.29486504
0.7241293
0.47981843
0.305876
0.38970086
0.40155464
0.5858782
0.21234456
0.43980843
0.5873173
0.6116922
0.29428032
0.42949092
0.32873517
0.23877312
0.5776397
0.7162346
0.50873333
0.28263116
0.49110967
0.68657994
0.77119845
0.94194865
0.28219464
0.8155238
0.5169648
0.6937068
0.37248486
0.5335275
0.40378153
0.4790456
0.7069934
0.66013414
0.6395646
0.6096194
0.8043178
0.41046157
0.37251663
0.3855831
0.65305674
0.32252154
0.4676887
0.36467263
0.43781182
0.46714592
0.5501316
0.61373216
0.86038065
0.4493437
0.6628003
0.6241038
0.26484197
0.29679534
0.6225846
0.53983927
0.6607492
0.51500976
0.8595242
0.46037957
0.6907557
0.52573913
0.7838836
0.29522753
0.5713085
0.5280245
0.60568535
0.50559163
0.6760719
0.5234378
0.60307306
0.32791543
0.67736995
0.22122908
0.6459713
0.489325
0.78707093
0.6083905
0.38952836
0.28424224
0.52155787
0.32750082
0.5288736
0.57343006
0.45749834
0.51667
0.40256038
0.21940428
0.394731
0.19854985
0.33119524
0.29985854
0.40944824
0.6181398
0.6261404
0.35081878
0.37423047
0.44582617
0.53274226
0.3706979
0.6329034
0.45470017
0.7914313
0.705917
0.60292137
0.5392937
0.41638234
0.6306083
0.7247614
0.7893879
0.34974682
0.6870142
0.49616387
0.88790476
0.60580707
0.7596769
0.27968004
0.7125003
0.49661186
0.57908064
0.6390071
0.775138
0.26777053
0.4720276
0.4143636
0.64520705
0.56131893
0.4678803
0.30201957
0.25847256
0.43629706
0.7559101
0.53010094
0.43262625
0.18842465
0.6821778
0.4853347
0.42206532
0.62350976
0.5408295
0.59337145
0.73533094
0.74859315
0.32937747
0.8084974
0.5456891
0.43953222
0.6798817
0.6099183
0.44196293
0.56042653
0.5001163
0.66328824
0.5395147
0.26552048
0.74720657
0.5351258
0.58258516
0.64482117
0.5591947
0.5340945
0.66218424
0.73930883
0.56039214
0.48236212
0.8004389
0.5207369
0.47799078
0.65011966
0.37241283
0.43847758
0.871207
0.48683298
0.6264538
0.17634012
0.57016
0.69301575
0.34298462
0.38208514
0.4008173
0.40830094
0.55538166
0.54991454
0.6537479
0.4712579
0.38196462
0.9321336
0.5757008
0.79219717
0.37825674
0.559403
0.54415154
0.7137508
0.5702877
0.6916213
0.5234129
0.22003247
0.41130605
0.5943943
0.501903
0.6830697
0.44321266
0.61685914
0.38397434
0.62645245
0.6925619
0.4926094
0.63955486
0.4479075
0.2930083
0.45307025
0.4829501
0.5684762
0.5146177
0.7162672
0.3938986
0.2908578
0.55465066
0.4632796
0.81772846
0.61176884
0.2727031
0.52278835
0.5126892
0.43674204
0.5084537
0.5290776
0.53324765
0.58963186
0.6822064
0.6056669
0.29170743
0.41233602
0.517637
0.6238847
0.37613437
0.47165954
0.6261099
0.6153786
0.6908592
0.83516014
0.77033055
0.5642234
0.64451796
0.6818152
0.56213576
0.5262437
0.5001752
0.40274882
0.47361517
0.3302098
0.48526245
0.3392134
0.63741356
0.35478836
0.57254803
0.55726063
0.56272334
0.4966782
0.85383725
0.6537997
0.7930239
0.55258346
0.46147624
0.5105181
0.46776834
0.6563227
0.62509024
0.76654947
0.5019938
0.4321708
0.57538885
0.39053905
0.5723942
0.47617993
0.41301373
0.376145
0.6407366
0.42794782
0.5068616
0.38372293
0.13551144
0.5334191
0.06968106
0.6264699
0.40185738
0.7304888
0.38579285
0.54262626
0.5802852
0.4080196
0.54972136
0.4064113
0.8628338
0.47099596
0.69618
0.33998403
0.43080994
0.5799007
0.2448542
0.60339725
0.30634883
0.6348287
0.4582541
0.4202926
0.31603882
0.5993406
0.27106744
0.4207243
0.19649854
0.3903738
0.3480965
0.40686885
0.63809794
0.5110885
0.63552094
0.4579159
0.7580686
0.75610256
0.37413546
0.62236845
0.44014263
0.7292592
0.36054802
0.39611307
0.3456532
0.83777606
0.69636476
0.59684056
0.5204905
0.5519907
0.81194556
0.7787936
0.43022683
0.6260262
0.5224332
0.2792225
0.4755505
0.5169235
0.31558838
0.45076522
0.6230634
0.78595334
0.80553573
0.30683023
0.13919157
0.57195115
0.4306162
0.32681364
0.40396437
0.64323294
0.63885885
0.39007515
0.45720226
0.30495125
0.5620961
0.6870494
0.5955431
0.78638273
0.71283615
0.57293415
0.8703626
0.48230776
0.54368967
0.5240771
0.69692904
0.55856496
0.6168847
0.40073195
0.19400562
0.3427336
0.45361444
0.32152936
0.37738156
0.5153738
0.77492297
0.7544055
0.54580516
0.5749234
0.52251667
0.49122092
0.34564665
0.499676
0.5032694
0.29390267
0.7565506
0.59400266
0.18587348
0.4437201
0.3013481
0.64635384
0.18376975
0.5186288
0.5783384
0.5669162
0.7523025
0.35996598
0.612971
0.56479543
0.5779226
0.51010907
0.050142195
0.68970543
0.62663114
0.23753743
0.5066179
0.7292125
0.3738409
0.28911376
0.4088792
0.56733495
0.34151286
0.54842067
0.51044077
0.47114187
0.40968704
0.36812705
0.31257963
0.41120538
0.47171065
0.61866766
0.547661
0.38271835
0.45104048
0.5383699
0.4657292
0.39301112
0.31497854
0.3784011
0.75269306
0.63502663
0.53304905
0.5075481
0.63409495
0.25827643
0.5710796
0.6076883
0.42897674
0.5025998
0.7242227
0.5131513
0.16629979
0.1411855
0.2426302
0.64183766
0.68953574
0.24682994
0.54592824
0.55430853
0.46590605
0.7670457
0.74288416
0.5854087
0.48388582
0.42387807
0.58267015
0.2444228
0.1282848
0.4806384
0.7182836
0.7121029
0.67795616
0.63890404
0.5971047
0.5295534
0.5413298
0.4131374
0.47717634
0.39535385
0.5755688
0.44078332
0.37781635
0.6785648
0.35043278
0.837375
0.40096247
0.72595423
0.5442035
0.3412647
0.4530067
0.49474624
0.4534267
0.3117638
0.8320384
0.63486034
0.49120945
0.24391195
0.575989
0.5120067
0.24189125
0.61411
0.49192533
0.5486754
0.44297385
0.57402974
0.2160586
0.5259625
0.34868076
0.45076764
0.5890863
0.36974263
0.47010827
0.5292059
0.3945301
0.44151127
0.5581101
0.38125214
0.3744247
0.43133014
0.40965253
0.71565104
0.7523425
0.5262043
0.47454044
0.35251856
0.3517377
0.3731705
0.3967171
0.4638509
0.5607437
0.59031194
0.52323943
0.29189932
0.6081133
0.3622665
0.57908636
0.6083344
0.3967286
0.3467703
0.43791616
0.6668394
0.7685341
0.5485348
0.74759895
0.56573707
0.19140953
0.31518242
0.6842641
0.79875445
0.53566295
0.3977654
0.3183464
0.6370447
0.35801312
0.5487011
0.54862714
0.8351496
0.51650816
0.519737
0.77232444
0.4967667
0.64219314
0.2409896
0.50610584
0.49561548
0.43025094
0.50767434
0.6226029
0.6432892
0.58490545
0.3741168
0.7066738
0.700064
0.44760498
0.54153603
0.46231672
0.4058563
0.36607882
0.8953885
0.54526013
0.6926433
0.68391937
-0.11235066
0.52707714
0.38621908
0.5453939
0.58962387
0.9225897
0.7409898
0.5802915
0.55013645
0.46296784
0.8471204
0.74671376
0.65637094
0.6142593
0.470475
0.50436795
0.54015464
0.57131684
0.4126823
0.23339297
0.4186466
0.78140795
0.48706838
0.53421795
0.4204873
0.460448
0.47980344
0.62191737
0.5531667
0.4719498
0.76387584
0.6393918
0.5268879
0.30293122
0.60381305
0.5120773
0.3714294
0.8268691
0.48211893
0.7329486
0.4283715
0.53346014
0.372418
0.41757205
0.5873123
0.30316803
0.53142816
0.47417635
0.6112568
0.4483202
0.3662903
0.67911345
0.5657058
0.41482365
0.64222693
0.56946397
0.35816747
0.46597213
0.3788435
0.45781744
0.69031566
0.3723178
0.6403214
0.5538011
0.7587225
0.6297283
0.55197364
0.36462262
0.24085264
0.14811803
0.5274545
0.564965
0.54463416
0.5191452
0.28910777
0.75670326
0.4753899
0.70767367
0.530743
0.25780743
0.5245419
0.3652417
0.48607746
0.5924418
0.21105415
0.16611083
0.28157982
0.2934724
0.5730234
0.3839495
0.52918583
0.4639316
0.43058002
0.70002437
0.46117234
0.6116066
0.4858694
0.8801097
0.46416906
0.69469357
0.5912367
0.66811675
0.42117673
0.56169975
0.45351487
0.327562
0.61799973
0.33013538
0.88339454
0.26692414
0.4361983
0.38917583
0.64831805
0.7177654
0.62938464
0.68941516
0.21450399
0.36463153
0.47712335
0.61655974
0.65314406
0.53430426
0.5201905
0.33293775
0.5150829
0.49580473
0.38246685
0.6946046
0.21359381
0.46186402
0.2529097
0.9002765
0.6341675
0.70731676
0.65610504
0.61400634
0.5753323
0.5735921
0.62954235
0.4182144
0.55368537
0.2573026
0.45044246
0.4983172
0.39692882
0.6008117
0.49692395
0.57115823
0.42777544
0.6382989
0.53576654
0.3978607
0.39592192
0.72657335
0.7197097
0.4618334
0.41166177
0.52430457
0.42209992
0.6044486
0.42031762
0.32104948
0.7382329
0.4659954
0.671625
0.8899513
0.53539705
0.46681422
0.6042861
0.516845
0.7403148
0.75481504
0.3528811
0.5047844
0.31325024
0.32534593
0.35049793
0.56175494
0.53001404
0.5986647
0.39500266
0.5721637
0.4462577
0.5799535
0.48381725
0.6547544
0.3545359
0.39270648
0.56868774
0.4984776
0.37718654
0.54510134
0.74997085
0.36003798
0.6130581
0.48181686
0.28562158
0.48128694
0.20939188
0.4608991
0.22497807
0.47676778
0.37371516
0.64597446
0.59511334
0.47519854
0.47840732
0.5100684
0.29278138
0.82705945
0.39094567
0.45364776
0.1287785
0.20369953
0.7841399
0.7206996
0.62920696
0.5645463
0.63137025
0.1742641
0.6025553
0.70212466
0.670028
0.76590353
0.41435918
0.67466307
0.63614446
0.59671825
0.26607355
0.5803095
0.55907243
0.38619763
0.41676906
0.28791508
0.5667187
0.6776784
0.56291884
0.47083193
0.6097106
0.33997434
0.65236783
0.68605655
0.48431483
0.45281738
0.38329473
0.2645514
0.58475477
0.5879457
0.51508135
0.4475512
0.7040798
0.5187908
0.63185024
0.5703643
0.29386845
0.33655784
0.21151353
0.26254728
0.49892303
0.32184646
0.56816137
0.34761104
0.52577287
0.27973938
0.22682422
0.51302326
0.5817089
0.51485044
0.40762004
0.54889584
0.46304974
0.48027998
0.33196595
0.52985734
0.46259686
0.5286406
0.638609
0.60482985
0.4992457
0.48703077
0.7330206
0.16226768
0.23419872
0.52536726
0.86989415
0.493419
0.80756253
0.61989266
0.74624723
0.7962383
0.4890514
0.7360818
0.7284302
0.46698415
0.36694935
0.4241081
0.3602352
0.37212542
0.47318098
0.43986598
0.6019852
0.76129687
0.72714406
0.44892183
0.26681894
0.7143305
0.4922881
0.619662
0.62837416
0.8327415
0.48876438
0.6272538
0.3429205
0.6924051
0.43288806
0.75147927
0.5541457
0.23563105
0.43089697
0.33918068
0.8132451
0.4613093
0.6590248
0.26503614
0.8381945
0.7330649
0.46580374
0.47905192
0.37126714
0.32529083
0.6239706
0.2928493
0.74434507
0.5934132
0.41879463
0.96148413
0.66594756
0.6789132
0.7116434
0.60450786
0.57988244
0.45553038
0.66368276
0.5821916
0.8660111
0.3828921
0.47152066
0.58714473
0.49640402
0.60069025
0.26945317
0.30982935
0.40749285
0.44302318
0.57493854
0.2772221
0.24955216
0.46108934
0.14184168
0.40353313
0.5876468
0.29160452
0.6737413
0.63465035
0.46483967
0.48894775
0.43977782
0.49332246
0.39296994
0.3115783
0.3265
0.7163162
0.5346813
0.41643345
0.621836
0.3822234
0.30522048
0.7440158
0.67915195
0.60568005
0.5743542
0.36946702
0.5158552
0.5561093
0.30601612
0.6459905
0.4884777
0.48579335
0.7827848
0.5844297
0.106450625
0.40911067
0.46347624
0.44890246
0.36043
0.527219
0.60702413
0.5813168
0.5458783
0.7663265
0.49541974
0.6048097
0.24298063
0.53373975
0.5780988
0.49681813
0.3249657
0.6576748
0.33289778
0.2175022
0.24220048
0.5716719
0.56120044
0.34074375
0.6133262
0.4802463
0.44956642
0.7546762
0.33540073
0.7227727
0.3732037
0.6000385
0.76050395
0.5142021
0.41583633
0.59101015
0.59456474
0.41832918
0.29489344
0.34096357
0.71465546
0.29687375
0.34790233
0.4821682
0.5279726
0.45370007
0.42983666
0.73317087
0.3015513
0.5629518
0.55658585
0.70439076
0.7679641
0.3430781
0.4793933
0.6715435
0.673233
0.87147075
0.24540508
0.6580855
0.4972266
0.542597
0.7283199
0.65798706
0.39262363
0.42172652
0.67797023
0.34600136
0.57208085
0.28724575
0.71764654
0.51880723
0.6268669
0.3174062
0.69378275
0.8707879
0.4544939
0.4407953
0.37620908
0.9401869
0.85598
0.6729831
0.4751664
0.724921
0.86682403
0.8922855
0.6974284
0.7954817
0.79370123
0.96480095
0.6450903
0.7634826
0.7225582
0.61954665
0.9704422
0.93331885
0.6972995
0.8100443
0.77616864
0.9771064
0.9578725
0.7221619
0.9279818
0.6379771
0.8938803
0.48790032
0.81095403
0.72549117
0.7627428
0.8769413
0.98718214
0.925798
0.7237235
0.8291611
0.84321916
0.8335759
0.84204775
0.83448654
0.79215145
0.87903494
0.84358037
0.77145296
0.6498695
0.8801214
0.90973026
0.9820991
0.8992542
0.9524911
0.6025691
0.7691825
0.7542164
0.2587157
0.9454809
0.73151773
0.90550476
0.6472307
0.98811877
0.69804746
0.88530433
0.96127754
0.7020268
0.6727498
0.6899706
0.98630625
0.9403223
0.6940503
0.88767403
0.92454576
0.47668374
0.97416323
0.9011638
