0.86164534
0.99578935
1.0
0.9053711
0.84284735
0.9282185
1.0
0.9869801
0.60097384
0.805592
0.8958166
0.86261946
0.92725635
0.13917609
0.9958705
0.9555578
0.7346928
0.94572353
0.91988796
0.8355295
0.9854784
0.92635334
0.18607171
0.8821001
0.24529153
0.9717732
0.9814526
0.9020356
0.78318024
0.70545256
0.9410729
0.9795946
0.8903015
0.8840983
0.5858318
0.9740616
0.9532949
0.96365386
0.97509116
0.5356914
0.9365905
0.94081336
0.17817749
0.9206899
0.9621781
0.94759595
0.8928722
0.9773768
0.6917032
0.14575543
0.9770062
1.0000001
0.9361684
0.8212063
0.89574695
0.55764383
0.7854448
0.9432216
0.9468289
0.9880458
0.936866
0.9406836
0.9270537
0.9178945
0.8737419
0.81210387
0.9754856
0.8274425
0.9444557
0.9614728
0.7206989
0.88073343
0.41790274
0.9135523
0.80008644
1.0
0.9203588
0.94995236
0.8594539
0.9215725
0.94202524
1.0000001
0.9621781
0.95576155
0.8727462
0.9476094
0.6334348
0.9447657
0.910382
0.89716136
0.97619563
0.98749745
1.0000001
0.946179
0.36490884
0.81637776
0.8048215
0.8596823
0.8026648
0.7866263
0.95062053
0.9428981
0.9002521
0.9068868
0.82881796
0.9845903
0.7599192
0.8082758
0.9805658
0.697136
0.9866338
0.8242069
0.94681525
1.0000001
0.9178945
0.8523116
0.96542394
0.71082056
0.9819644
0.97037107
0.957216
0.9561595
0.9486604
0.8713603
0.912686
0.89583457
0.98288226
0.94496316
0.85704756
0.9115591
0.9906335
0.9543459
0.97686875
0.72315484
0.1538808
0.75642693
0.8702407
0.9220369
0.98314214
0.91907525
0.9655628
0.65619457
0.9059932
0.9484905
0.5793836
0.8823706
1.0000001
0.84750855
0.8050289
0.96140075
0.9127853
0.9542691
0.7638608
0.94454956
0.95066935
0.80209243
0.7433162
0.9304621
0.98661816
0.845983
0.9462081
1.0000001
0.9295518
0.94793063
0.97815114
0.9720142
1.0000001
0.9265308
0.93795407
0.120162204
0.41774404
0.90096533
0.8700315
0.9438255
0.90607035
0.6931819
0.8986427
0.8072852
0.9798826
0.9712027
0.972399
0.96398324
0.9828377
0.9478874
0.63685656
0.9395427
0.907765
0.9897113
0.5686439
0.79924744
0.75859123
0.7463839
0.13377787
0.75315434
0.8644634
0.9755595
0.90787494
0.9541666
0.84088165
1.0000001
0.87915576
0.91557324
0.15642229
0.8153124
0.43817553
0.22343111
0.9787774
0.35530263
0.8022425
0.84622025
0.919863
1.0
0.8657648
0.83191925
0.98145115
0.96394926
0.9133792
0.67940897
0.13165586
0.86080223
0.9601243
0.6461383
0.9207326
0.8946529
0.6001039
0.9216488
0.8960082
0.13576013
0.69485307
0.5739494
0.9755338
0.94108677
0.5742115
-0.0013384074
0.9233225
0.2583662
0.82430756
0.9567956
0.90542245
1.0
0.95153147
1.0
0.7239762
0.6802024
1.0
0.9694457
0.8116782
0.9161427
0.9587643
0.9007713
0.9517176
0.91596437
0.9304017
0.9008753
0.8780345
0.36952692
0.7572551
0.8525885
0.8737419
0.7547288
0.94816685
0.9903508
0.6175338
1.0000001
0.98386085
0.41302043
0.9827828
0.90239555
0.9382454
0.92369854
1.0000001
0.8718131
0.92837816
0.8850875
0.5487132
0.92857
1.0
0.99077815
0.79328895
0.9394467
0.9572778
0.89402306
0.9385352
0.84870374
0.92151356
0.95907694
0.7752136
1.0000001
0.9827519
0.5449319
0.16773391
0.95917773
0.16492718
0.9570242
0.9305747
0.854257
1.0
0.90840834
0.18246628
0.8466282
0.8834472
0.8757286
0.94744396
0.9954493
0.8788715
0.95216304
0.8584935
0.9167162
0.7743321
0.8829613
0.8727462
0.7141232
0.9170216
0.9084393
0.9551758
0.7937851
0.81556326
0.87652314
0.8324595
0.8849914
0.8102912
0.9178569
0.80385983
0.9253434
0.8231152
0.9424194
0.7581647
0.81016326
0.9233264
0.80829793
0.8750455
0.21300128
0.82861143
0.13137771
0.90141714
0.92185754
0.982265
0.899931
0.9216724
0.24594572
0.7566801
0.9152261
0.83408976
0.9686881
1.0000001
0.5548691
1.0
0.9819368
0.96562976
0.9601222
0.8033511
1.0
0.91772926
0.9812639
0.87945116
0.81699705
0.97837585
1.0
0.95881104
0.57213426
0.87294996
0.95019037
0.18447223
0.7344131
0.9029157
0.9766529
0.8914833
1.0
0.89924926
0.96103144
0.994664
0.63036644
0.63023907
0.8762937
0.94536185
0.8932266
0.8770964
1.0000001
0.9460306
0.9879755
0.99246615
0.98932594
0.9472885
0.90722674
0.9252269
0.08056583
0.87691337
0.910888
0.71841043
0.8560396
0.9532131
0.9686619
0.8085683
0.9595346
0.73499733
0.8704474
0.9242932
0.8897461
0.8910468
0.8946432
-0.043416303
0.8815416
0.9840217
0.9692575
0.8891901
0.7866263
0.9688345
0.95443535
0.86191785
0.9379835
0.9311776
0.5791114
0.9863244
0.9360466
0.94993484
0.80994236
0.8657397
0.9883638
0.8776081
0.95532763
0.8154125
0.9298787
1.0
1.0
0.8093437
0.833756
0.91389537
0.867298
1.0
0.8740736
0.96060115
0.9819368
0.9899564
0.9558157
0.36418673
0.9090446
0.8357661
0.9301268
0.93324304
0.99109024
0.13233449
1.0000001
0.95161974
0.94679224
0.89017904
0.96434116
0.9130944
0.47234407
0.9794222
0.49833235
0.85722256
0.90765965
0.7065046
0.91817176
0.87652314
0.84116703
0.9559538
0.72390705
1.0
0.67712456
0.9400983
1.0
0.9233225
0.8325041
0.89267164
0.95917773
0.9645455
0.9332702
0.8522993
0.9878268
0.911983
0.590313
0.9136712
0.94769657
0.23177722
0.75457686
0.9246954
0.8927631
0.88410807
1.0
0.88658375
0.71962816
0.8807656
0.93037283
0.76408356
0.74910665
0.8996554
1.0
0.9630435
0.9171124
0.6361883
0.7405043
0.746433
0.95157003
0.9638876
0.7674961
0.85134137
1.0
0.30761868
0.9774456
1.0
0.9481969
1.0
0.9178289
0.9909611
0.9569218
0.9224345
0.971302
0.9240178
0.92981297
0.9819313
0.990225
0.84495515
0.93126637
0.882899
0.97686875
0.905714
0.9089366
0.7654836
0.9457716
0.91329217
0.74434745
0.9902121
0.9567956
0.93720293
0.88499004
0.7306858
0.9379997
0.32284155
0.8794961
0.9242097
0.95963675
0.84507525
0.27692753
0.88144577
1.0
0.96342295
0.79104894
0.78021026
0.83907783
0.95735955
0.9422674
0.90441155
0.93491423
0.9421612
0.8543906
0.65670514
0.9579026
0.89362884
0.9135393
0.90338373
0.6276053
0.85794747
0.98530126
0.8538064
0.97792375
0.9530871
0.7913879
0.94842976
0.9524583
0.9364236
0.9343903
0.92322284
0.7344384
1.0
0.8786194
0.8590523
0.94521713
0.967487
0.9193671
0.93466395
0.9924432
0.88386786
0.9503349
0.9689512
0.91492605
0.7541119
0.68200535
0.5056622
1.0000001
0.94256836
1.0
0.90709996
0.8925064
0.9561183
0.8064936
0.84623325
0.8660518
1.0000001
0.94609654
0.9190538
0.7712727
0.9966962
0.92616093
0.80100894
0.8354033
0.7121912
0.990513
0.88975453
0.90267015
0.917061
0.8736225
1.0
0.695616
1.0
0.919102
0.78403467
0.8521487
0.9436033
0.90464437
0.9448322
0.9323748
0.7393592
1.0000001
0.78014004
0.5023525
0.97566664
0.6872613
0.9596994
0.9443229
0.95936716
0.87329566
0.9071732
0.97361934
0.8154681
0.9465226
0.94035107
0.8937306
0.9161138
0.8831675
0.92818356
1.0
1.0
0.6721379
0.6461383
1.0000001
0.8590384
0.79501486
0.46138468
0.75121987
0.91105187
0.0035197581
0.93598
0.53320104
0.86905754
0.9476739
0.89214134
0.88531387
0.8444743
0.83039236
1.0000001
0.8324595
0.42847654
0.99039125
0.9681201
0.81595343
0.9825757
1.0000001
0.9101221
0.98239696
0.7765844
0.94846785
0.9189429
0.87940717
0.8032698
0.9323748
0.701275
0.9408439
0.90188
0.9753452
0.84611326
1.0000001
0.87206256
0.9707074
0.73499733
1.0
0.8624427
0.22422978
0.9491871
0.17715013
1.0
0.8213717
0.9365905
0.33769003
0.8293182
0.8912814
0.3160663
0.86325955
0.9643656
0.9664633
0.4352629
0.4925397
0.96237063
0.9725919
0.7692591
0.90977675
0.92281866
1.0000001
0.8562418
0.8701676
0.8736416
1.0
0.9529811
0.78039294
0.80667144
0.9809618
0.9676477
0.74845815
0.9193211
0.94534695
0.9311137
0.913497
0.995201
0.84546036
0.8154124
0.9802223
1.0
0.9455768
0.8323762
0.86139035
0.49897394
0.9323298
0.33276445
0.7980443
0.7974273
0.9896945
0.98103255
0.63685656
0.70955604
0.8937548
0.9726687
0.19714147
0.7977775
0.9723309
0.93887424
0.2347395
0.9373465
0.9843653
0.10814402
0.9264893
0.68438697
0.92281866
0.97056687
0.7015213
0.9788073
0.8783928
1.0000001
0.8971745
0.79167014
1.0
0.8081571
0.9263631
0.88045144
0.8237655
0.8107081
0.94679224
0.9566542
0.86550134
0.8078935
0.9773768
0.887944
0.9802947
0.89966905
0.9224913
0.6567026
0.87085044
0.9033059
0.880553
0.8949042
0.9877558
0.96082354
0.2583662
0.9103509
0.92672145
0.77534235
0.8774582
0.59570354
0.91682065
0.964448
0.97151494
0.9327829
0.91464984
0.94081223
1.0000001
1.0
0.8660506
0.54679203
0.83569926
0.8871122
0.62530047
1.0
0.89280355
0.26199844
0.92467564
0.91174686
0.66052216
0.8477726
0.9835986
0.92120075
0.9627837
0.8238275
0.94204354
0.976789
0.7344384
0.98884654
0.9297166
0.13455684
0.9061336
0.92283434
0.013237947
0.97632337
1.0000001
0.98245543
0.09772598
0.9485256
0.800264
1.0000001
0.8366922
0.9704236
0.7059363
0.3769296
0.08324242
1.0
0.96959233
0.94031787
0.92320037
0.8921917
0.5932243
1.0
0.91403365
0.96122235
0.91597843
0.9470786
0.87808275
0.90596807
0.96942925
0.9216488
1.0000001
0.95103616
0.83907783
0.8203105
0.97040546
0.8857102
0.9491813
0.97650635
0.60902804
0.8512839
0.91088605
0.8647144
0.8942648
0.7897413
0.9032823
1.0
0.8938292
0.9738227
0.97698534
0.9696611
0.9939789
0.8116782
0.8544514
1.0
0.810049
0.74116075
0.80583835
0.8770639
1.0
0.9287973
0.777387
0.90001464
0.92488945
0.6843936
0.9893639
0.9743099
0.9841615
0.92718065
0.9381893
0.8523202
0.7813761
0.9107645
0.6806719
0.80900306
0.92652965
0.9304017
0.09445185
0.8761125
0.9412596
0.9628459
0.97310305
1.0000001
1.0
0.8154681
0.94256836
0.842423
0.95532763
0.95418286
0.94964486
0.9751431
0.89258915
0.97596115
0.97668505
0.8265921
0.96490026
0.96694815
0.9467873
0.9038648
0.74807996
0.8820127
0.8529128
1.0
0.88216007
0.8808433
1.0000001
0.27565134
0.9373391
0.70828974
0.8091597
0.8090177
0.6260122
0.94077224
0.92276764
0.8556247
0.94346166
0.9516706
0.9170297
0.74802035
0.0870389
0.9678592
0.60745066
0.0738507
0.91622394
0.8107226
0.8667282
0.96054065
0.87144995
0.061530948
0.84597564
0.8581501
1.0
0.79739195
0.97592336
0.2479946
0.90765965
0.8780434
0.83434176
0.9640064
0.90934855
0.92573726
0.97213197
0.89515555
0.2817255
0.9904423
0.053120892
0.9000248
1.0
1.0
1.0
0.86905754
0.8621906
0.80667144
0.98614013
0.8002886
0.8983778
0.8895943
0.82667875
0.132818
0.87395364
0.8717385
0.8976917
0.8991164
0.8927183
0.88619876
1.0
0.77298754
0.9165477
0.6754174
0.68621653
0.90906924
1.0000001
0.8169465
0.94247925
1.0000001
0.96694225
0.97658324
0.76335496
0.8698719
0.9461329
0.9052458
0.74633735
0.2547511
0.9821161
0.21343729
0.4810048
0.7338647
0.9242097
0.6719347
0.99037653
0.92240596
0.8148716
0.7912166
0.88583136
0.9637589
0.9883457
1.0
0.91613007
0.9405176
0.9305218
0.9372407
0.8898528
0.9263733
0.9351258
0.8544514
1.0
0.9960787
0.5559005
0.870011
0.82212365
0.8089172
0.7901647
0.9008266
0.961962
0.013039624
0.8978564
0.94608104
0.56280386
0.84495515
0.7164478
0.76885206
0.7830263
0.9262556
0.9553114
0.842394
0.76721233
0.84486717
0.9397369
0.9799819
0.34761184
0.978485
0.9873679
0.9531522
0.51518714
0.8711779
0.919719
0.90245163
0.9786021
0.9850978
0.66679597
0.9661851
0.9415473
0.8821001
0.8638453
0.9812541
0.75888073
0.80113554
0.89602184
0.8712954
1.0
0.7505466
0.04569009
0.82682014
0.92874205
0.89377093
0.8596823
0.8989236
0.919102
0.9002521
0.7678253
0.994068
0.9711547
1.0000001
0.1269683
1.0
0.9224997
0.90654886
0.8645502
0.86624956
0.9103509
0.895237
0.9343317
0.89013195
0.86989766
0.6057451
0.98276424
0.8974848
0.9301268
1.0
0.88204986
0.8826506
1.0
0.89657754
1.0000001
0.96009
0.92321867
0.9334823
0.84115535
0.9004407
1.0
0.7681389
0.9877096
0.9960787
0.9532229
1.0
0.98206544
0.88624907
0.87940717
0.7889393
0.88748443
0.90542734
0.91732293
0.6624223
0.86710954
0.92710185
0.9379585
1.0
0.72297215
0.9120953
0.93432105
0.95328915
0.8815416
1.0
0.29392487
0.93267655
0.96312493
0.9628014
0.31536856
0.9263072
0.95576155
0.95062053
0.9870846
0.86104953
0.9666776
0.9132594
0.8521693
1.0
0.9207326
0.92710185
1.0
0.08161775
0.8974848
0.49849433
0.77640855
0.8538064
0.91586643
0.7805951
0.9485592
0.9637767
0.9531715
0.91556394
1.0000001
0.9611352
0.9812639
0.7482131
0.29715872
0.15591696
0.97243357
0.489403
0.8350257
0.9636387
0.97132814
0.91697556
0.51227313
0.9735319
0.83570087
1.0000001
0.97596115
0.90759885
0.55876493
0.9199819
0.8898528
0.80332494
0.70955604
0.98371375
0.81087947
0.8780345
0.9132886
0.9739294
0.09000605
0.72390705
0.9863244
1.0
0.8302494
0.8964659
0.9426914
1.0
0.97658324
0.92321867
0.9521685
0.9117634
0.78161865
0.9603584
0.9001462
0.6260122
0.9647483
0.97827303
1.0000001
1.0
0.8796779
0.878146
0.86139035
0.8911278
0.9084139
0.8319419
0.9176973
0.88518083
0.97596425
0.89982617
0.20237303
0.90142846
0.9498463
0.9656831
0.8015243
0.80986357
0.8324466
0.76721233
0.9549096
0.85998213
0.94534695
1.0000001
1.0000001
1.0
0.93037283
0.93828166
0.95545405
0.84750396
0.8999697
0.810049
0.95060605
0.94766295
0.9871993
0.8837994
0.9417757
1.0000001
0.88070714
0.9488313
0.8158865
0.13691583
0.890341
1.0
0.9156794
0.79685366
0.86016697
0.5748532
0.869045
0.9845209
0.87737966
0.31653664
0.9863031
0.71962816
0.97757185
0.39112255
1.0
0.848325
0.9902153
0.7875745
0.834678
0.95600915
0.9875339
0.98169166
0.93786085
0.8522501
0.88664883
0.8980524
0.95346606
0.7141232
0.95969504
0.71423364
0.9421051
0.9058845
0.8082533
0.9646915
0.78919685
0.81428015
0.83039236
0.8238008
0.9927333
0.79461306
0.44818133
0.90162605
0.99543
0.88583136
0.9371541
0.59454155
0.9351145
0.80491585
0.9135041
0.9808663
0.9177548
0.18203652
0.9132176
0.62652063
0.7265723
0.7244494
0.9870275
0.8834472
0.8097627
1.0
0.75913566
0.9221382
0.5836406
0.851783
0.75514835
0.9842137
0.9560976
0.9191393
0.8571584
0.9667206
0.90001464
0.8621906
0.78318024
0.96684474
0.92874205
0.9093319
0.2852256
0.9453035
0.91020036
1.0
0.88052666
0.9766898
0.93714815
0.8513371
0.9298012
0.97055954
0.87972355
0.618139
1.0
0.8826996
0.039786194
0.9597013
0.83825076
0.98619086
0.98249793
0.95591146
0.89192307
0.8942648
0.97792375
0.6031266
0.91171485
0.889958
1.0
0.9045161
0.8974381
0.8605387
0.79384226
0.21936038
0.900462
0.9310749
0.63255286
0.92981297
0.87946486
0.2709453
0.94004774
0.8833459
0.75121987
0.9942144
0.9013442
0.9867032
1.0
0.9008859
0.9292509
0.9472885
1.0
0.8580614
0.9778154
0.83569926
0.97598994
0.9628331
0.8570411
0.9587907
0.8929201
0.32443962
0.8015243
1.0
0.9400879
0.9558157
0.9470793
0.9336128
0.94172966
0.9911197
0.9000248
0.9528972
0.22900409
0.99185836
1.0
0.8730056
0.846001
0.9615751
0.41436777
0.91451967
1.0
0.9840217
0.92703
0.87989914
1.0
0.94804657
0.9650423
0.13705261
1.0000001
1.0
0.937557
0.9437551
0.96717256
0.8895943
1.0000001
0.7269771
0.98195577
0.968277
0.9017232
1.0
0.95270145
0.9567708
0.8324466
0.90943193
0.8605687
0.65330124
0.8083804
0.8990204
0.9303328
0.9285704
0.9356875
0.91322255
0.16299246
0.9393523
0.882899
0.9467873
0.8960082
0.86845505
1.0
0.79641336
0.94835335
0.88021517
0.6754654
0.98206544
0.94588304
0.9063223
0.46856013
0.45883536
0.79409254
0.9833419
0.9555578
0.851783
0.875232
1.0
0.8766152
0.9257244
0.9339882
0.54873854
0.69174504
0.910888
0.066666774
0.9786399
0.9797694
1.0
0.86291146
0.9070345
0.9368048
0.90142846
0.9274907
0.79641336
0.9311776
0.4370752
0.91966224
0.7669588
0.9873679
0.5663963
0.31220925
0.99836814
0.23865312
0.8861025
0.63641894
0.8867782
0.8265921
0.9071732
0.9272524
0.93004066
1.0
0.9844086
0.9296377
0.93642306
0.97373366
0.93459386
0.80172896
0.9685755
0.79547143
0.856266
0.9360041
0.94026256
0.97899824
0.9250101
0.89583457
0.833756
1.0000001
0.91886234
0.8631619
0.9679531
1.0000001
1.0000001
0.70840687
0.10632821
0.8709947
1.0
0.98097366
0.8331743
1.0000001
1.0
1.0
0.9176793
1.0000001
0.8713615
0.1006746
0.9879119
0.41875163
0.98863435
0.9456654
0.7740207
0.98535323
0.9133792
0.8882981
0.8820302
0.85764015
0.98014
0.9516034
0.9252585
0.9720047
0.99130684
1.0
0.96017647
0.94523937
0.95890343
0.9220661
0.99524236
1.0
0.6806719
0.9732537
0.9774359
0.9599973
0.1409774
0.26171887
0.9626738
1.0
0.918792
0.94778806
0.78403467
0.94743633
0.98742884
0.73042923
0.84223723
0.8428457
0.893028
0.78978026
0.53663033
1.0000001
0.9443684
1.0
0.9305747
1.0
0.10646906
0.9244545
0.85197294
0.98186636
0.8788432
0.983357
0.8306558
0.66431314
0.96268404
0.23107359
0.8901434
0.9488775
0.9290023
0.50286907
0.79328895
0.89602184
0.95418286
0.065561466
0.6805928
0.9695979
0.19730863
0.8965275
0.97825843
0.6391773
0.22873774
0.9393345
1.0
0.83606744
1.0
0.7934973
1.0000001
0.96718484
1.0
0.9888468
0.9212121
0.9330885
0.8274019
0.4846732
0.9304212
0.47780082
0.876348
0.91169894
0.68810415
1.0
1.0000001
0.9659178
0.8750455
0.6200511
0.81142366
0.76951313
0.5562616
-0.02510711
0.80651456
0.97826195
0.42203397
0.9388602
0.8881508
0.9045275
0.20414607
0.8942881
1.0
0.7941397
0.39051938
0.893872
1.0000001
0.9822607
0.91033983
0.9761258
0.92885864
0.95451754
0.95328915
0.9813078
0.98535234
0.9362639
0.9637767
0.94769794
0.7015538
0.92281467
0.7893071
0.9692563
0.66042316
0.94208074
0.9611493
0.90487874
0.8489222
0.92483735
1.0
1.0
0.5062865
0.9628253
0.9877847
1.0000001
0.93625724
0.8466015
0.9780279
0.96770215
1.0000001
0.89280355
0.94477415
0.9178569
0.85584956
0.87021625
0.89642423
0.63744766
1.0
0.8700045
1.0
0.9704236
0.5633388
0.7190473
0.8178557
0.94749564
0.90317774
0.9603747
1.0
0.99233943
0.91373473
0.945454
0.94172966
0.8466282
0.90589213
0.17923094
0.0787454
0.762571
0.99062896
0.91597843
0.8292486
0.92483735
0.8321805
0.9199819
0.912578
0.9186866
0.83185136
0.97361934
0.90311706
0.96997905
0.90534973
0.9632846
0.89485574
0.8584935
0.98339254
0.99109024
0.953663
0.80113554
0.6995498
0.9743137
0.99238837
0.6568875
0.107719086
0.96563244
0.9456408
0.97455597
1.0000001
0.76711446
0.95321983
0.9222569
0.73420304
0.8274019
0.4523
0.91967005
0.9632157
0.99190176
0.9090446
0.90534973
0.98145795
0.98562646
0.9820253
0.93024653
0.8032698
1.0
0.82082176
0.96798444
0.23912063
0.06904137
0.90164953
0.92151356
0.9568101
0.9632157
0.8929201
0.73160785
0.91613007
0.87329566
0.9163781
0.7652365
0.061122335
1.0000001
1.0
0.9904108
0.8516271
0.89490855
0.96031827
0.92949736
0.885283
0.9411343
0.94208074
0.069006585
0.8938736
0.8667282
0.82784176
0.90979457
0.9358095
0.96031266
0.99051577
0.42706686
0.82861143
0.98093927
0.9560035
0.7862408
0.6706873
0.40284717
0.9363697
0.976789
0.99322003
0.96643376
0.88316697
0.8093437
0.9455786
0.8521693
0.29469976
0.95554215
0.87579465
0.93466395
0.946641
0.77873033
0.97115064
1.0
0.96856946
0.26979047
0.640352
0.7978877
0.79461306
0.9363481
0.799819
0.86808765
0.94883776
1.0
0.8831675
0.87579465
0.92276764
0.32246134
0.9867032
0.3083304
1.0000001
0.8306946
0.99676526
0.15252511
0.9258724
0.9216724
0.87738377
0.8738642
0.90186447
0.9526466
0.84022385
0.623904
0.8422939
0.91596437
0.93242514
0.8254861
0.9364236
0.94409275
0.9917077
0.93576014
0.8513371
0.8687821
0.8849164
0.95086694
0.9073473
0.9561183
0.8809467
0.95258623
0.95931876
0.98132277
0.9472407
0.9053134
1.0
0.980298
0.91464984
0.90427434
0.7972548
1.0
0.90491986
0.7721478
1.0000001
0.96901006
0.9807824
0.9218483
0.8978199
0.9108995
0.7977775
0.6046624
0.10382687
0.97040546
0.9000309
0.5050664
0.89642423
0.55307305
0.98558474
0.15742296
0.74704444
0.8757193
0.846001
1.0
0.943108
0.9456654
0.9685341
0.6899485
0.73066163
0.9250101
0.87383074
0.3775941
0.7974246
0.92791665
0.9020903
0.9736239
0.80900306
0.19513449
1.0
0.9141081
0.9206976
0.9602638
0.6046624
0.9206976
0.52868855
0.7097087
0.96881163
0.7912166
0.8550441
0.9739687
0.96544755
0.7757528
0.94645894
0.9181322
0.89001805
0.9340131
0.72315484
0.93630683
0.89289635
0.9509838
0.9699968
1.0000001
0.108415976
0.9302138
1.0
0.92563236
0.9671433
0.94676834
0.65619457
0.8905819
0.9598901
1.0
0.7056432
0.78034264
0.57366705
0.64436483
0.90898556
0.9725566
0.97488165
1.0
0.8998135
0.9132804
0.9080312
0.7968588
0.30790943
0.8992902
0.640352
0.96983576
0.96191895
1.0000001
0.95730174
0.77873033
0.66282856
0.08346673
0.9356523
0.961849
0.9349309
0.8712269
0.92883176
0.8302494
0.8559425
0.0787641
0.77625406
0.94496644
1.0000001
0.9254018
0.258066
0.6252027
0.90308475
0.8992495
0.9302403
0.86990404
0.8727136
0.87229764
0.86894155
0.83818585
0.969176
0.850354
0.33681652
0.97136515
0.8776914
0.93133295
0.55245405
0.79409254
1.0
0.9519475
0.0216828
0.12595162
0.9626738
0.65670514
0.99136436
0.7774805
-0.0054180976
0.97765434
0.9892359
0.91642416
0.85187864
1.0
0.89013195
0.91088057
0.9686393
0.9008859
0.569463
0.55307305
0.91434085
0.9312231
0.9204189
0.2212067
0.98168737
0.083918445
0.9263072
1.0
0.51626164
0.7327665
0.95838773
0.71423364
0.9282185
0.8700035
0.92363715
0.9495033
0.9527366
0.9118556
0.76759666
0.88097286
0.702667
0.52981275
0.9782518
0.43864447
0.9479816
0.9061326
0.88388264
0.580922
0.9178289
0.9191496
1.0
0.86376333
0.59340686
1.0000001
0.97080266
0.83129764
0.9704629
1.0
0.76320654
0.05575558
0.48894525
0.9548062
0.91815495
0.9224913
0.54464436
0.94545484
0.9059818
0.89524084
0.9607408
0.2653728
0.9415008
0.8358222
0.8921917
1.0
0.94853497
0.88894105
-0.0028334036
0.9460618
0.8104373
0.96193403
0.9420813
0.91664857
0.75551045
0.88555485
0.9476094
0.97079986
0.94247925
1.0000001
0.92029005
0.33203083
1.0
0.86667854
1.0000001
0.63255286
1.0000001
0.99264675
0.76638305
0.930185
0.8653917
0.90607035
0.9683727
1.0
0.9382671
0.9272438
0.8932266
1.0000001
0.8875121
0.82430756
0.9841867
0.83628875
0.7818427
0.16525246
1.0
0.9659178
1.0
0.88145185
0.9543459
0.84753144
0.9561529
0.9682772
0.96181434
0.09513515
0.9902153
0.9497951
0.7968588
1.0000001
0.86679244
0.8462023
0.14209023
0.8590384
0.9371541
0.41504705
1.0
0.9038638
0.9197642
0.96266305
0.9340491
0.9845604
0.8074413
0.84624994
0.8364654
0.889958
0.9630175
0.20864417
0.97104627
0.9244546
0.9283836
0.87018794
0.9429501
0.7583292
0.87906134
1.0000001
0.9883638
0.89519036
0.92322284
1.0
0.92266047
0.5658014
1.0
0.16371807
0.9948291
0.9532131
0.88415265
0.9448322
0.86070967
0.9297166
0.9735336
0.51572245
0.77316004
1.0
0.63111013
0.89017874
0.9763755
0.88532346
0.83129764
0.8466015
0.8752942
0.7963419
0.94589704
0.9154
0.8638453
0.95451754
0.78034264
0.69424933
0.9208617
0.68782616
0.97194433
0.28683907
0.92208624
0.9361308
0.90371096
1.0
0.935962
0.9486471
0.83636844
0.7854448
0.96449375
0.6334348
0.61917454
0.97080266
0.85508054
0.94397545
0.8248561
0.69931316
0.93484604
0.8415232
0.93366987
0.844792
0.8972622
0.7907514
0.967463
0.92753804
1.0000001
0.9705387
0.281879
1.0000001
0.96084
0.91373473
0.9583852
0.96901006
0.92283434
0.91084343
0.93219006
0.81429476
0.75205606
0.26068878
0.92027223
0.13475272
0.9695979
0.8010005
0.76881474
0.92939794
0.9007829
0.9170297
0.9253457
0.91551256
0.9557059
0.95341086
0.84681153
0.8978351
0.8297043
0.8497146
0.35663927
1.0
0.9269846
0.7926338
0.9074627
0.9864018
0.09467059
0.9191978
0.8829613
0.92940676
0.24380569
0.880553
0.5857029
0.9183104
0.9820253
1.0000001
0.9527362
0.8312434
0.9382454
0.5658014
0.8779993
0.9387648
0.77236086
0.069211826
0.90334743
0.9343317
1.0
0.7220522
0.58362925
0.9246848
0.9035789
0.20371035
0.87893313
0.46419704
0.86070967
0.9630175
0.759617
0.5487132
0.943047
0.95311606
0.9406698
1.0000001
1.0
0.9298787
0.42421365
0.79840046
0.8306558
0.9211304
0.80447537
0.9939155
0.849076
0.93487376
0.9126777
0.859098
0.9459543
0.90669584
0.26299486
0.7674961
1.0
1.0
0.7121912
0.95936716
0.8866575
0.1870969
0.95346606
0.68438697
0.122255415
0.72919524
0.9039705
0.91841483
0.92236125
0.8911278
0.9851832
0.7125899
0.92251813
0.71841043
0.8560396
0.7697742
0.86624956
0.6977859
0.96142703
0.94035107
0.07438772
0.25348318
0.9476454
1.0000001
0.9418247
0.85654503
1.0
0.990225
0.93814254
0.852588
0.94031787
0.89740336
0.9503725
0.84666944
1.0
0.7805951
0.85504395
1.0000001
0.9461404
0.66042316
0.84223723
0.8885734
1.0
0.9791913
0.7684725
0.71962094
0.8890674
0.9262556
0.9410327
0.91867465
1.0
0.9369329
0.86261946
0.91460645
0.96122235
0.8008135
0.94146603
0.9653822
0.69931316
1.0000001
0.8672401
0.90043086
0.020123962
0.3754825
0.90323997
0.90994334
0.67001206
0.9471842
0.24046732
0.86606133
0.87756205
0.9303499
0.7941397
0.93440354
0.9302403
0.9144165
0.8350204
0.9628815
0.89500284
0.21936756
0.7143511
0.7648338
0.91450024
0.7897413
0.9027599
0.90317774
0.90920424
0.74386984
1.0
0.94162333
0.7360921
0.94403493
0.6663713
1.0
0.92120075
0.94984436
0.968277
0.8068742
1.0
0.9568844
0.50484747
0.8844323
0.938981
0.42421365
0.5023525
0.94992805
0.9437896
0.985562
0.95509136
1.0
1.0
0.75519824
1.0000001
0.095069945
0.91520464
0.95216304
1.0
0.6252027
0.62652063
0.86225504
0.9345022
0.9784456
1.0000001
0.84239817
0.96066487
0.9503349
0.41328168
0.9174238
0.9636671
0.46095166
1.0000001
0.2556208
0.9316449
0.6079204
0.66679597
0.85108227
0.9490839
0.9618294
0.9705638
0.94366777
0.20645703
0.9609728
0.9298012
1.0000001
0.85943574
0.8133445
1.0
0.95418274
0.90429246
0.9509838
0.2195938
0.9646793
0.8490586
1.0000001
1.0000001
0.97103786
0.9694886
0.928735
0.9339882
0.9220661
1.0
0.48280358
0.9180318
1.0000001
0.9367846
0.9163821
0.943108
0.91780674
0.94787097
0.22857858
0.9555341
0.33430362
0.8752528
1.0
0.27566198
0.9618226
0.94843197
0.9648891
1.0000001
0.9573701
0.90096533
0.9517176
0.89628434
0.16225757
0.781542
0.95569026
0.7681389
1.0000001
0.97999567
0.8334328
0.94759595
0.9271556
0.93587506
0.89996415
0.20178142
0.8927799
0.14838445
0.14305395
0.8947921
0.9224006
0.93133295
0.9221203
0.9551758
1.0000001
0.7487403
0.9880458
0.9863031
0.93988943
0.02095355
0.8246633
0.9726687
1.0
0.9781795
0.94984436
0.9569797
0.8790631
0.8545471
0.32241514
0.936789
0.902955
1.0000001
0.9628459
0.81639415
0.95125055
0.47547412
0.9085361
0.87906134
0.9227286
0.6894533
0.7468068
0.946641
0.8995129
0.6721379
0.9956819
0.112486474
0.97751385
0.98765767
0.7875745
0.982857
0.8441354
0.9164623
0.25078565
0.92266047
0.8808203
0.8862927
0.74778587
0.9637589
0.96502936
0.9892985
0.9293413
0.97938114
0.9419763
0.97596425
0.98842466
0.8571584
1.0000001
0.96296155
0.19784185
0.98723805
0.8559141
0.99077225
0.91675127
0.50286907
0.9584856
0.96854156
0.98583484
0.95838654
0.95287037
0.7269771
0.88531387
0.9640064
0.35531127
0.26132196
0.968011
1.0000001
0.8994873
0.9403321
0.89155483
0.92346317
0.2108998
0.9904353
0.88161576
0.94993484
0.9004761
0.8246542
0.92562354
1.0
0.89377093
0.97829
0.88575125
0.14887059
0.97463995
0.97646075
0.91772926
0.9280901
0.7464714
0.90775836
0.92488945
0.9642937
0.66282856
0.7380312
0.68621653
1.0000001
0.8212911
0.88658375
0.7250702
0.96315837
0.9405036
0.091830805
0.8855584
0.9136721
0.9673118
0.9102812
0.8809467
0.96892476
1.0
0.74874157
0.95355755
0.9421836
0.7463839
1.0000001
0.89424455
0.914293
0.9503834
1.0
0.89996415
0.8639646
0.8727131
0.93342394
0.8523202
0.8189537
0.9902355
0.95229757
0.8948006
1.0
0.8959726
0.8770821
0.58353984
0.9381128
0.970556
0.7269435
0.93007314
0.92580867
0.9078759
0.86990404
0.8251701
0.9506824
0.43109277
0.8890674
0.9685192
0.37297148
0.7351086
1.0
0.94125193
0.874596
0.9484476
0.8683332
-0.014910739
1.0000001
0.96899736
0.9656975
0.96559715
0.98895234
0.9387648
0.8713603
0.98375386
0.8568138
1.0000001
1.0
0.05748826
0.41625893
0.5368173
0.73420304
1.0
0.95600915
0.8867395
0.85455465
0.98594946
0.8891901
0.86191785
0.9744912
1.0
0.4905637
0.82175505
0.051807698
0.74306446
0.895509
0.9231873
0.8082758
0.93506736
0.89258915
0.9609728
0.9072168
0.63641894
0.8008135
0.7190473
0.971257
0.92650384
0.8089172
0.92885166
1.0
1.0000001
0.8700045
0.96743387
1.0
1.0000001
0.32410395
0.4305721
0.89882845
1.0
0.6843936
0.9938315
0.9147389
0.12361859
1.0000001
0.9237025
0.90939903
0.90554976
1.0
0.13209736
0.85843277
1.0000001
0.92389154
0.95839083
0.8757286
0.82003963
0.95874655
0.8785274
0.84846866
0.88842034
0.92633814
0.8651297
0.9598901
0.83814925
0.39051938
0.9663892
0.93041503
0.94509083
0.8504189
0.8829188
0.9142517
0.8589685
0.96014357
0.8709605
0.49017233
0.53320104
0.90254015
0.94372576
0.84239817
0.9849129
0.9375287
0.94176763
0.905102
0.9347304
0.9032823
0.9595346
0.9175294
0.6805928
0.732548
0.9259962
0.31756604
0.8666674
0.94081885
1.0
0.99593276
0.9254353
0.911964
0.9153676
0.8790631
0.95418274
0.89249766
0.67743194
0.7669588
0.92620885
0.87890446
0.9013443
0.75330716
0.8476805
0.9000309
0.9131098
0.9161138
0.6841837
0.9821832
0.5793836
0.9073473
1.0000001
0.77483684
0.9351932
0.21818927
1.0000001
1.0
0.60821587
0.23043734
1.0
0.95838463
0.8464561
0.992129
0.8227037
0.98193175
0.96054065
0.8127047
0.7453771
1.0
0.87709075
0.85158455
1.0
0.1538808
1.0
0.40058842
1.0
1.0000001
0.9720638
0.9670333
0.94712824
1.0000001
1.0000001
0.9308692
0.86902213
1.0
1.0
0.9136721
0.8814565
0.80385983
0.80695754
0.54464436
0.29614165
0.9666776
0.5956567
0.9501023
1.0
0.8308607
0.06861184
0.04143042
0.87945116
0.8742459
0.4770168
0.13874465
0.88864934
0.90164953
0.9302218
0.9486779
0.92885184
0.88275874
0.86325955
0.9686669
0.1278992
0.81534266
0.8727131
0.8779993
0.86544967
0.96266305
0.9464829
0.9427836
0.94853497
0.91727674
0.7602161
1.0
0.8829188
0.8808203
0.87085044
0.9918192
0.83160436
0.90371096
0.983637
0.9799819
0.97293353
0.93484604
0.6653468
0.96074796
0.2208642
0.9511763
1.0000001
0.8375843
0.66908926
0.8414455
0.7893071
0.7785921
0.7335828
0.7992195
0.93642306
0.8363627
0.9795226
0.8520062
0.47050354
0.9516815
0.878243
0.9604604
0.98142606
0.08767059
0.9417757
0.56280386
0.8965275
0.8358222
0.90338373
0.8618054
0.92193806
0.9660076
0.98138535
0.9394496
0.8999114
0.87788343
0.6659511
0.81329656
0.31102142
0.8341572
0.9408439
0.87501323
1.0
1.0
1.0
0.9969246
0.001169527
0.1526007
1.0
0.94474566
0.9423127
0.93743837
0.9886423
0.6538669
1.0000001
0.79966384
0.8593608
0.92896664
0.8381001
0.11029969
0.93432105
0.1259502
1.0000001
0.9418247
0.8002028
0.4798935
0.76216036
0.97028863
0.9389477
1.0
0.88643014
0.94167405
0.9122276
0.9909756
0.5693105
0.9144286
0.9731477
0.90236855
0.84436035
0.1165908
0.93941957
0.68782616
1.0
1.0
0.9093319
1.0
0.9653728
0.67303157
0.7740207
0.8912814
0.9248984
0.9298464
0.9074008
0.9230359
0.6745856
1.0
0.9142677
1.0
0.5392854
0.9361241
0.7164478
0.8213936
1.0000001
0.8806865
0.7819656
0.9037098
0.98154783
0.834414
0.58882636
0.6394596
0.92680067
0.91460645
0.593921
0.91537
1.0000001
0.9400879
0.95124656
0.6391773
0.9801534
0.910902
0.96422875
0.5060956
0.8554177
0.89004004
0.9227465
0.83632356
0.9789351
0.9890349
1.0000001
0.97521734
1.0
1.0000001
0.9632277
1.0
0.06321163
0.98097366
0.91533166
0.8505311
0.9657985
0.8622107
0.7652365
0.7572551
0.9383025
0.96434116
0.94424754
0.93044865
0.5429117
1.0
0.22036895
0.9873744
0.9893631
0.5901275
0.95004684
0.8209074
0.9447537
0.75335646
0.25253105
0.94661903
0.89177275
0.9523649
0.8638853
0.9352633
0.31141442
0.97826195
0.7684725
0.9109033
0.9796753
0.07515578
0.41558686
0.79685366
0.91427445
0.9031936
0.9499768
0.9474392
0.90365195
0.77316004
0.9383273
0.9707174
0.9883194
0.3479366
0.90542734
0.92281467
0.91523564
0.95327115
0.5858318
0.8964659
0.76951313
1.0
0.9854395
1.0000001
0.95719695
0.19013295
0.74802035
1.0
0.7567462
0.95203865
0.4056571
0.9181322
0.6917032
0.8238008
0.9175548
0.9460586
0.805592
0.9665872
0.90245163
1.0
0.9384706
0.9296595
0.9824097
0.98865366
0.9562211
0.16866757
0.8357661
0.9786262
1.0000001
0.8548988
1.0
0.9253434
1.0000001
0.87893313
1.0000001
0.45744893
0.7583292
0.86250323
0.9107815
0.9356153
0.8983778
0.7566801
0.80008644
0.82133496
0.94156915
0.96448076
0.87287635
0.951741
0.92646223
0.83408976
0.610808
0.75913566
0.84857595
0.9567275
0.9047348
0.9430001
0.84624994
0.91515505
1.0
0.96622324
1.0
0.9822776
0.89924926
0.9484448
1.0
0.9284345
0.9667206
0.9901465
0.9422506
0.98648405
0.5828739
0.118450776
0.9924644
0.30979836
0.9755595
1.0
0.8081571
0.93576014
0.98816454
0.9295518
0.2546708
0.8858243
0.94190145
1.0
0.8605915
0.82733345
0.8610143
0.9278485
0.8856329
1.0
0.97450334
0.90147007
0.86173904
0.91097015
1.0
0.13861568
0.90730804
0.9600539
0.8754529
1.0
0.9411343
0.75187844
0.7599192
0.8504448
0.85264945
0.67487186
0.91780674
0.9871419
0.123939864
0.8855443
0.97043556
0.8297551
0.93840015
1.0000001
0.3324365
0.6569641
0.6588958
1.0
0.97433966
1.0000001
0.8542704
1.0000001
0.9041606
0.867298
0.87808275
0.6240825
0.13758202
0.9841867
0.96643704
0.8448671
1.0000001
0.8700035
0.95901835
1.0
0.9737354
0.4745881
0.27566198
0.9160241
0.07228586
0.9183724
0.9813996
0.9249777
0.7621329
1.0
0.9825963
0.83888173
0.9141289
0.881988
0.9650423
0.90098953
0.8810487
1.0000001
0.6568875
0.50806445
0.85475016
0.779716
0.96020865
0.9890242
0.9116043
0.22840759
0.8308607
1.0000001
0.08478728
0.573736
0.9512709
0.8018259
0.41302043
0.98067194
0.93187684
0.7654836
0.94793063
0.89447075
0.66431314
1.0
0.6714114
0.8889358
0.90437776
0.81534266
0.938532
0.86672664
0.9276626
0.9180318
0.9033059
0.2852256
0.900882
0.8883023
1.0
0.53663033
0.98744774
0.9717732
0.9127513
0.96190035
0.85098004
1.0000001
0.9627702
0.9756838
0.9367433
0.26135164
1.0
0.9270855
0.9382502
0.9832071
0.8724866
0.8247685
0.9418157
1.0000001
0.9862635
0.31075516
0.15586731
1.0
1.0
0.9924568
0.9144538
0.9148158
0.81315595
1.0000001
0.8603877
0.9033768
0.7752136
0.4370752
0.8948895
1.0000001
0.9819589
0.85134137
0.8927631
0.9731602
0.9844003
0.98219323
0.85962194
0.9131311
1.0000001
0.9070449
0.14278188
0.96191895
0.892377
0.90239304
1.0
0.98888195
0.82212365
0.89431864
0.8918233
0.94456744
0.9564619
0.7433162
0.9673017
0.9454945
0.55858624
0.936463
0.2884606
1.0
0.97646475
0.9548563
0.98756564
0.970556
0.9561595
0.94060147
0.02389654
0.72335404
1.0
1.0
0.9176973
1.0000001
0.96312493
0.8486619
0.9020903
0.89289635
1.0
-0.04216768
0.96214944
0.8292486
0.8363627
0.96081984
0.678484
0.9393229
0.83127964
0.085684106
