0.9641135
0.88282037
0.90356725
0.8791327
0.84938586
0.92295307
0.9189187
0.8786746
0.9039922
0.9600414
0.9320854
0.7965642
0.89607185
0.9252402
0.87489575
1.0000001
0.90370816
0.95840997
0.9008548
0.97246814
0.9453887
0.96271604
0.8830569
0.8484905
0.934893
0.9416342
0.8695847
0.8855148
0.94285834
0.8429661
0.9208711
1.0000001
0.8875671
0.8807652
0.86774504
0.9752574
0.93360615
0.8368319
0.5767468
0.88146216
0.9121652
0.9235302
0.88659334
0.8518157
0.91997254
0.8788433
1.0
0.9193808
0.86007285
0.83332485
0.96353066
0.8128991
0.8682949
0.97586083
0.79584754
1.0
0.85725796
1.0000001
0.9428823
0.9065867
0.8301924
0.8928656
0.886626
0.9189973
0.8247857
0.904299
0.90228903
0.80690235
0.9625634
0.9870068
1.0
0.8665924
0.9173088
0.90329564
0.8195392
0.89902765
0.86275744
0.94199973
0.8854599
0.94805425
0.8391011
0.93328893
0.9370744
0.8978143
1.0
0.90065104
0.849944
0.8181505
0.7483684
0.85202336
0.8681126
0.94968677
0.8254126
0.8825284
0.8833836
0.96582496
0.91153157
0.7974083
0.8823851
0.948969
0.929628
0.91643596
0.90251946
0.9378587
0.89116144
0.8766608
0.9247278
0.9296868
0.7560662
0.9040753
0.85193515
0.9223365
0.9423115
0.8845792
0.8939937
1.0
0.8555938
0.81548154
0.85452455
0.81775224
0.83625805
0.9832456
0.91152877
0.91373897
0.88012505
0.89095587
0.91523683
0.8874235
0.9242676
0.80966204
0.8259275
0.6696893
0.81309485
0.90902877
0.82682043
0.8371552
0.7996088
0.84955025
0.85809475
0.8700223
0.7912519
0.78167063
0.9146708
0.84697425
0.87912357
0.9751387
0.9339438
0.8915674
0.79234874
0.9599948
0.86091083
0.7698997
0.97670084
0.9055456
0.9384512
0.76387763
0.9020523
0.9316348
0.88907933
0.7114211
0.76855
0.8242732
0.8090222
0.8667725
0.9040289
0.7400858
0.91990155
0.9178687
0.867075
0.7901923
0.92256165
0.9385185
0.8686041
0.88212943
0.7987404
0.8600585
0.9002738
0.7752816
0.8707536
0.92249477
0.8746639
0.7786894
0.9471135
0.75787675
0.8645903
0.73859316
0.865712
0.7285808
0.7687612
0.84143317
0.84581417
0.8167641
0.788913
0.90164185
0.84566075
0.94164944
0.91285133
0.785031
0.92384297
0.9053341
0.9231404
0.91881937
0.79878294
0.7963501
0.8942079
0.9591339
0.8393149
0.8293636
0.8627682
0.80695647
0.70482063
0.7993256
0.8207711
0.8361052
0.9109298
0.8434479
0.7403564
0.740702
0.87789285
0.75005615
0.83128685
0.9117129
0.756587
0.85452455
0.80217475
0.8945572
0.86518896
0.919925
0.7081787
0.9335787
0.8477583
0.90816116
0.7679224
0.9145924
0.956746
0.76506644
0.73852104
0.7897386
0.87493527
0.84660375
0.8874403
0.8843982
0.94544125
0.807057
0.9293424
0.8387204
0.8302431
0.6840719
0.7652625
0.88645494
0.839499
0.8936967
0.8956713
0.8680568
0.8129684
0.84613544
0.76101184
0.76681334
0.8329505
0.8317537
0.7364565
0.9029678
0.80563474
0.9190985
0.7520783
0.81413275
0.7978762
0.7113881
0.82553625
0.74706066
0.913826
0.9077188
0.8172216
0.8090338
0.75876176
0.95091414
0.6821968
0.76846755
0.87298787
0.860308
0.7791764
0.7382249
0.820202
0.73857445
0.7963892
0.785923
0.7575944
0.6963146
0.8899163
0.7853943
0.7342053
0.6881135
0.7639753
0.787367
0.70715773
0.855966
0.6896139
0.80577666
0.6894316
0.8206901
0.71488196
0.6981708
0.7905123
0.76627684
0.81802946
0.84535027
0.82968605
0.6225735
0.8531681
0.8016354
0.8754182
0.9280138
0.66345465
0.8324944
0.60746884
0.77763134
0.529647
0.7995621
0.55488014
0.76659113
0.88840467
0.64723366
0.85586756
0.83072674
0.8060843
0.75950134
0.6971933
0.84315246
0.8532192
0.8817278
0.78647757
0.8705671
0.85717636
0.8203627
0.8230226
0.66376555
0.89586717
0.84031785
0.75276697
0.76817274
0.87104744
0.6108749
0.77877074
0.89635265
0.800037
0.799287
0.8065052
0.809716
0.45570725
0.65393484
0.8020203
0.895158
0.91485405
0.7592721
0.87149143
0.8120662
0.8138751
0.68732077
0.72656447
0.7470669
0.69785607
0.78280604
0.8313422
0.7839896
0.55700654
0.76352507
0.7952005
0.6476653
0.75778633
0.6046309
0.9262764
0.51450586
0.70551467
0.8406124
0.7764311
0.84099966
0.9288621
0.8646803
0.7532467
0.8175798
0.79849917
0.914528
0.8234306
0.84941095
0.75828016
0.84756786
0.6821506
0.86095667
0.8083373
0.7346543
0.84497213
0.83576286
0.80852157
0.961375
0.7469237
0.8473493
0.84985673
0.7076484
0.7924161
0.8280927
0.5596386
0.59190977
0.7326007
0.78963196
0.66644853
0.8813682
0.72022164
0.5461429
0.85286534
0.8138852
0.8416036
0.7355142
0.8452506
0.6237472
0.8058777
0.83057374
0.7719844
0.7973192
0.91270715
0.78073883
0.81133676
0.69058776
0.70356834
0.72766644
0.68579566
0.79986185
0.5605445
0.72468024
0.7031183
0.50965595
0.77942336
0.86186796
0.79562694
0.7154283
0.6925408
0.5476774
0.43540677
0.66677314
0.7228582
0.6778147
0.6146008
0.85224
0.8347125
0.87394977
0.65070295
0.65901077
0.49364954
0.68101
0.8813633
0.50839067
0.8850362
0.87700087
0.7297366
0.7392127
0.82757324
0.8106994
0.78236675
0.5359871
0.7157794
0.7744932
0.7102191
0.61713946
0.72857684
0.48843879
0.716535
0.7033845
0.4733079
0.66305536
0.90089667
0.85757935
0.67769706
0.79221374
0.90159976
0.8493787
0.8393594
0.48417705
0.7473102
0.7079608
0.81449103
0.7961508
0.5115846
0.65533996
0.9414946
0.6705556
0.37588212
0.6318065
0.73121256
0.6449706
0.7937311
0.81856394
0.6483624
0.6747615
0.8548687
0.7657175
0.6455024
0.8063746
0.7514303
0.782979
0.68574286
0.76750565
0.6255753
0.6806995
0.6511912
0.55209357
0.63408095
0.65556794
0.4758555
0.5474952
0.68003726
0.81882095
0.7894459
0.9029852
0.7136729
0.72918236
0.75954866
0.85463196
0.7162063
0.76742387
0.6729777
0.57309556
0.6373675
0.6728677
0.7779807
0.7769855
0.7866367
0.6975316
0.5995966
0.7806216
0.78739893
0.80549157
0.5158142
0.7301262
0.6856096
0.721614
0.5341719
0.7409695
0.7963389
0.8023949
0.7052805
0.78720367
0.74679154
0.8060262
0.6687385
0.67080885
0.6806697
0.89397275
0.63480115
0.610244
0.79910034
0.68987286
0.7433045
0.7446294
0.8823555
0.6144048
0.7297882
0.8161219
0.7399757
0.61564213
0.81359506
0.71662724
0.7554848
0.78795433
0.69273883
0.66841674
0.5702571
0.85782325
0.68008727
0.78355515
0.7091877
0.5719876
0.43780917
0.6007993
0.47462323
0.6236011
0.6298358
0.7389969
0.5848307
0.74578655
0.78984594
0.666095
0.77274007
0.6231716
0.7865572
0.52610195
0.64685494
0.780756
0.8006975
0.76151514
0.69314986
0.7935132
0.561037
0.71252
0.75618243
0.78788567
0.50479954
0.51028866
0.61437553
0.5777727
0.6636035
0.27957425
0.6261317
0.25219902
0.56205046
0.7753775
0.458843
0.6804134
0.7883597
0.6466204
0.74354404
0.82174885
0.61157984
0.67631716
0.6203529
0.6747416
0.68988883
0.5949697
0.7693099
0.68082917
0.8771806
0.5008707
0.65365666
0.42268452
0.5723324
0.7105059
0.5482273
0.6296126
0.22740977
0.765945
0.6396344
0.56683797
0.77993023
0.53199714
0.70049495
0.6113285
0.43707842
0.8132358
0.4819275
0.44451153
0.63435984
0.3946914
0.5789548
0.6888974
0.607074
0.63926846
0.59477603
0.43968168
0.59102166
0.6858359
0.54197365
0.7907803
0.818294
0.76178086
0.7271557
0.85558283
0.6279437
0.77956015
0.45388597
0.6456782
0.7152795
0.58178353
0.5679074
0.8917998
0.5795361
0.7725141
0.43370342
0.71162
0.7625968
0.57614356
0.6493174
0.5514741
0.6584959
0.72983164
0.6136187
0.71063596
0.6640937
0.67669815
0.7464202
0.64809626
0.7037988
0.52387905
0.57193625
0.6887624
0.64839536
0.6361793
0.5050054
0.86849135
0.563125
0.7294246
0.4984301
0.60183525
0.39838123
0.7492407
0.43638653
0.8947982
0.8661751
0.62947035
0.5249808
0.62779844
0.5059716
0.5249735
0.4907248
0.57434845
0.62501866
0.489078
0.8701047
0.5819821
0.5686922
0.51897275
0.58736104
0.37878653
0.77045214
0.75738645
0.6074838
0.474929
0.8414837
0.41237253
0.51350325
0.64036465
0.6900159
0.62097716
0.47947025
0.37784314
0.7529186
0.6057506
0.64081913
0.5841845
0.72164637
0.53160256
0.57327634
0.57035863
0.69415104
0.8163142
0.56593084
0.48326427
0.6209847
0.76674193
0.44036043
0.7767558
0.47656915
0.7270067
0.66501784
0.49398184
0.7206243
0.7702888
0.6689192
0.7215301
0.53121966
0.5836532
0.51933044
0.7408559
0.513582
0.7683923
0.7124109
0.5659229
0.51415086
0.5774614
0.5562737
0.55750585
0.73380375
0.57920086
0.5474649
0.6270998
0.37064236
0.4504201
0.65964603
0.4533801
0.4459016
0.6875942
0.7465214
0.23001924
0.5541909
0.19615929
0.6522258
0.7493315
0.64761347
0.2636529
0.7456558
0.50168866
0.64605075
0.7097851
0.47221228
0.2853942
0.59857816
0.29396915
0.6679718
0.5754977
0.62905884
0.3424513
0.5691404
0.81671405
0.61954683
0.5626026
0.48040807
0.60324186
0.6968249
0.8604109
0.8092966
0.8384484
0.8501185
0.9001565
0.8715239
0.9082654
0.9358783
0.81607836
0.81883216
0.9245503
0.95556784
1.0
0.8951474
0.7604055
0.94751036
1.0000001
0.8091854
0.93317
0.982381
0.94612724
0.82633114
0.94106066
0.98471254
0.9175543
0.8918009
0.96134955
0.97826654
0.8748482
0.9911885
0.94283813
0.8565394
0.9292841
0.82236356
0.7971588
0.94300973
0.81297815
0.79463243
0.8606132
0.8315517
0.7445524
0.97379535
0.9722335
0.6547544
0.8250977
0.9091953
0.9395709
0.8792133
0.9487092
0.78589875
0.9362428
0.89091516
0.87948847
0.89249414
0.85535693
0.9066057
0.8676849
0.9751497
0.78943
0.9498995
0.96394235
0.94645846
0.9333169
0.8458397
0.90425867
0.82445276
0.47947013
0.6281381
0.9043038
0.7824385
0.88847893
0.88591766
0.9007533
0.8258811
0.7483429
0.7256777
0.81809384
0.904076
0.8745689
0.8847856
0.861233
0.79356134
0.9342403
0.81011444
0.817863
0.83427465
0.86676276
0.9101423
0.8270483
0.8756151
0.88892555
0.8481871
0.8670038
0.726472
0.87692595
0.7485991
0.5638511
0.4487894
0.9463283
0.9439068
0.55298704
0.82893884
0.84473115
0.89990366
0.9207892
0.7886827
0.87401193
0.90516376
0.8474842
0.7564631
0.8826393
0.9054152
0.81511015
0.86002076
0.8871832
0.86670506
0.8579913
0.6619619
0.84201634
0.8028537
0.7269904
0.9004785
0.8418585
0.7470139
0.7869241
0.8935586
0.62461495
0.66210157
0.72449404
0.750508
0.84072614
0.6978917
0.7795112
0.8121218
0.8532925
0.83625317
0.8284456
0.80153525
0.7628083
0.84401476
0.7682742
0.7445202
0.8733822
0.78142035
0.83663094
0.68076247
0.48436522
0.87433517
0.6388404
0.85164917
0.8635555
0.72512317
0.8266997
0.797631
0.7422898
0.8579113
0.73464495
0.85590816
0.7005537
0.7470487
0.8160312
0.80997145
0.74009526
0.4076038
0.9233293
0.8900843
0.88106656
0.79980415
0.80450356
0.8023754
0.8186072
0.7425523
0.76593417
0.475385
0.74615747
0.7473304
0.8514175
0.8889038
0.63327134
0.77094567
0.7828008
0.87542546
0.75643754
0.8553688
0.76591396
0.71583223
0.742481
0.6640225
0.7324804
0.826471
0.5861794
0.4642486
0.75431037
0.83309054
0.78038406
0.85479176
0.6755015
0.82600075
0.9030875
0.57047075
0.87016195
0.5843957
0.72757256
0.6657635
0.7385473
0.76176846
0.73835
0.83708024
0.6955044
0.7898407
0.6191262
0.6957903
0.80523413
0.89721656
0.73010343
0.7792173
0.7172191
0.77980906
0.715375
0.73539627
0.8102261
0.7642687
0.75707865
0.6680704
0.821094
0.75624466
0.8854947
0.8074
0.7200173
0.81657434
0.5871967
0.71609217
0.6797478
0.79615915
0.6651196
0.61121905
0.8437705
0.5637922
0.728824
0.6081287
0.8435085
0.7578334
0.79898906
0.3757248
0.20907268
0.8317497
0.59945303
0.8265898
0.66230726
0.7786601
0.6992399
0.6127454
0.70251924
0.4743358
0.6811977
0.7088454
0.7229464
0.5038564
0.7646034
0.7602689
0.74975705
0.70998013
0.70920193
0.72958004
0.64441204
0.82141954
0.72765696
0.6394853
0.7252285
0.6827259
0.65921843
0.85746443
0.7745811
0.6774167
0.8399019
0.6237216
0.72487533
0.56869584
0.92065567
0.80956733
0.40610945
0.44557714
0.8105955
0.87081885
0.8319131
0.5758501
0.76570016
0.776389
0.7978556
0.36205
0.87211794
0.634019
0.706708
0.77093077
0.6138656
0.5431824
0.5277681
0.58958554
0.6964942
0.6422138
0.8126422
0.5313325
0.58670133
0.6889021
0.75671446
0.57852083
0.62680775
0.4981654
0.8424714
0.80308867
0.73652864
0.63680017
0.27299678
0.38010594
0.67139363
0.5546123
0.7781439
0.4869225
0.5424185
0.57349306
0.7308935
0.87361205
0.6702445
0.78916967
0.5408907
0.7126529
0.52707297
0.547082
0.48156637
0.37305418
0.8220754
0.7178892
0.86111957
0.6276101
0.69766116
0.72405934
0.78741765
0.47921976
0.77324414
0.59723586
0.73248976
0.5461248
0.71428746
0.6378953
0.6902976
0.6662693
0.61007524
0.78108996
0.66732377
0.742595
0.63718224
0.74455464
0.67354244
0.5522227
0.5679577
0.6248697
0.5185868
0.66209555
0.3337155
0.5838043
0.7920692
0.61074334
0.8613715
0.59667873
0.6218225
0.67532116
0.5889674
0.57618034
0.68137795
0.58521664
0.37589416
0.44924417
0.55400264
0.59761024
0.66735053
0.45066422
0.5843757
0.78913677
0.6703057
0.7676562
0.6976634
0.5043314
0.5618047
0.7344789
0.25812468
0.6803545
0.57767665
0.5813422
0.64374506
0.7180935
0.60805035
0.8505559
0.7215989
0.35651466
0.3904722
0.6808154
0.59392124
0.7254868
0.61930764
0.82478905
0.66915566
0.74099374
0.79062665
0.64823276
0.3597121
0.765985
0.75098056
0.69538856
0.45787373
0.5594675
0.65276
0.8412139
0.6188484
0.567538
0.64547133
0.7885242
0.47148103
0.64395803
0.73854715
0.65608925
0.7587208
0.8860966
0.6179697
0.76643306
0.7165615
0.42964238
0.6910806
0.32600722
0.8524679
0.7784794
0.5839542
0.52980787
0.3823949
0.84340507
0.40136102
0.60669017
0.5685961
0.4403777
0.61990017
0.6312211
0.73044956
0.36938125
0.53144264
0.6624197
0.39755845
0.71873564
0.64726406
0.6172801
0.64678514
0.37511915
0.5249384
0.53223336
0.39876994
0.5879618
0.78901684
0.43645692
0.5324238
0.56180465
0.7326138
0.60062957
0.6184004
0.46345332
0.70669484
0.6333672
0.7164788
0.26330838
0.5236499
0.7824985
0.39984336
0.690162
0.7549254
0.26110446
0.6244458
0.5277263
0.4394678
0.64585346
0.7905869
0.59841347
0.5594614
0.5449741
0.2877157
0.5771151
0.25741866
0.5656298
0.51705146
0.589843
0.6879745
0.53599757
0.8050113
0.6441282
0.54729384
0.29524466
0.5092502
0.5958237
0.7992462
0.33289108
0.6236176
0.5777168
0.5930483
0.12717398
0.51950324
0.56169355
0.7630269
0.52794003
0.09253093
0.27949005
0.47757173
0.42823786
0.12728772
0.35580707
0.14780024
0.70738757
0.29863265
0.26292914
0.4330271
0.22296888
0.16744408
0.31699985
0.529682
0.0972431
0.4078377
0.53369695
0.15967113
0.31797233
0.5505709
0.58134705
0.49013406
0.39019865
0.48080593
0.1883403
0.50595856
0.5216851
0.6307255
0.07727222
0.54960203
0.57863176
0.4816612
0.33914804
0.31345335
0.29318845
0.44218397
0.57653165
0.5890806
0.3058318
0.4411922
0.6484627
-0.04745847
0.33617607
0.21131311
0.08454199
0.41143876
0.36266443
0.17364529
0.4654023
0.588568
0.62397826
0.38564223
0.59613
0.56766915
0.42345864
0.64958256
0.4408887
0.25485358
0.25139117
0.3352936
0.6485323
0.5241957
0.2775519
0.39953908
0.26223877
0.18973956
0.56916463
0.31757954
0.482272
0.3420359
0.50731486
0.53579587
0.5441618
0.25025737
0.6840791
0.2923023
0.3423955
0.41974556
0.56791675
0.51465803
0.46761
0.5982115
0.4740863
0.11143156
0.45279717
0.31901088
0.24464357
0.60408604
0.3340741
0.53226984
0.32385814
0.089465715
0.083396144
0.32971677
0.47925562
0.5058221
0.40829882
0.65547097
0.5488038
0.5413664
0.46363783
0.4366671
0.10781475
0.3156856
0.61555374
0.38975257
0.33075744
0.44851655
0.14060304
0.18665628
0.20436889
0.46254358
0.488426
0.4246235
0.4462969
0.639631
0.5435773
0.29402155
0.31569338
0.14196946
0.25173882
0.21819992
0.5283959
0.21414603
0.4013283
0.15313834
0.2038915
0.29482013
0.1673704
0.397363
0.6834391
0.63946867
0.5559747
0.3893812
0.23504327
0.3574725
0.56319577
0.22470589
0.3379745
0.48852018
0.36833888
0.44514167
0.3265122
0.4666438
0.2529494
0.3845365
0.43657792
0.4676093
0.58635557
0.593929
0.67771405
0.54124546
0.1979545
0.5608168
0.21434332
0.14178471
0.118051425
0.51252896
0.122271895
0.09083467
0.18014784
0.1320329
0.53555226
0.25521025
0.34074533
0.42196184
0.39458525
0.26268852
0.47651643
0.21596667
0.3454233
0.19344881
0.5138906
0.38471237
0.20757991
0.45123765
0.21384558
0.37605363
0.37032476
0.22982684
0.2226119
0.37648842
0.5582052
0.39365304
0.03446765
0.032202926
0.71003205
0.17289992
0.16154857
0.16777372
0.62751406
0.7478301
0.060314685
0.4164801
0.27798176
0.50064737
0.55054325
0.06125717
