0.50281656
0.77986526
0.5379492
0.29922596
0.96179414
0.55942243
0.6525514
0.6461576
0.95226496
0.66529274
0.6927928
0.58509034
0.7279358
0.61190295
0.5306781
0.5191086
0.52273256
0.52553
0.85793924
0.8100467
0.8930792
0.7915256
0.3940945
0.8930792
0.16486058
0.61516565
0.96450025
0.9859274
0.74803543
0.64097404
0.611593
0.6026447
0.7710742
0.54320717
0.5770765
0.5893563
0.89966416
0.5146101
0.56729776
0.24359637
0.87065285
0.4467115
0.52265626
0.55185634
0.5745429
0.62366
0.37757182
0.9643682
0.5397051
0.454827
0.41292357
0.6390198
0.5309044
0.51487195
0.9531371
0.7529949
0.3577203
0.6398314
0.6470883
0.66276395
0.51318353
0.7038809
0.5902369
0.8525027
0.58174264
0.20542325
0.8865031
0.7000071
0.47972593
0.566464
0.33124715
0.5242479
0.5906804
0.6126391
0.680764
0.6190939
0.65475947
0.16354808
0.46006614
0.66553974
0.810453
0.7385539
0.8753326
0.7847757
0.8492714
0.3700567
0.89966416
0.45517206
0.66927785
0.5899557
0.2167758
0.9542528
0.58164924
0.4805446
0.652319
0.3420699
0.84371567
0.7129833
0.47894207
0.950435
0.8551749
0.22354439
0.44697508
0.67519075
0.86252195
0.917861
0.36972582
0.7273067
0.5943177
0.62833744
0.54050016
0.2678698
0.71182925
0.567219
0.15086874
0.61190295
0.83217734
0.7185425
0.84545815
0.93082565
0.4440782
0.564247
0.6946868
0.52924776
0.5011176
0.1518169
0.7290263
0.8188067
0.9184941
0.4766001
0.72635967
0.6969304
0.61958927
0.89096105
0.69037974
0.7378367
0.51515895
0.79651594
0.69821155
0.5502723
0.4606371
0.8930792
0.6496309
0.4547826
0.49647155
0.38117248
0.9569405
0.7353563
0.91191447
0.50236243
0.58164924
0.68190396
0.9001864
0.58881086
0.8757373
0.46808973
0.33608505
0.50678056
0.8920071
0.8052155
0.62026083
0.66801256
0.1223535
0.8515395
0.5397051
0.9057875
0.9130173
0.8345547
0.19012174
0.3944437
0.4350805
0.5421206
0.58174264
0.6303612
0.92529273
0.7632958
0.038317524
0.112779856
0.89568824
0.7038809
0.43179858
0.8699732
0.3280052
0.7038809
0.8753326
0.92408895
0.7036125
0.15177618
0.53958815
0.56338763
0.5098122
0.39380842
0.81664324
0.63003254
0.91312754
0.78834355
0.6301684
0.7118136
0.64551574
0.5064846
0.71695143
0.84086895
0.27742162
0.8492714
0.6925934
0.6916607
0.5482531
0.8966943
0.5874872
0.74927545
0.33365446
0.2129044
0.6984383
0.67134285
0.92712337
0.08497868
0.95322037
0.5132597
0.47419274
0.8948819
0.7555854
0.059875343
0.7332061
0.52558196
0.73905474
0.66292375
0.9700523
0.51685685
0.71375424
0.3936625
0.6347902
0.61915034
0.48306137
0.9317527
0.93972874
0.23948844
0.6229257
0.2432011
0.524402
0.8651668
0.55097586
0.9709013
0.30341756
0.45665023
0.764781
0.7139099
0.26396108
0.69033736
0.6043372
0.94929266
0.67258614
0.6891035
0.23723635
0.8914461
0.23010856
0.8055379
0.68628997
0.7192947
0.15252003
0.15431702
0.8518877
0.9382039
0.41618714
0.5332624
0.6704326
0.1296421
0.45612568
0.025892342
0.84531784
0.23511043
0.95752144
0.9222041
0.84851325
0.26254994
0.74716806
0.627045
0.9702698
0.66450304
0.3940945
0.44269043
0.50233287
0.5650388
0.5160698
0.6257458
0.92471814
0.31479403
0.7983961
0.63514304
0.64288485
0.6003615
0.22228357
0.5339276
0.55185634
0.73905474
0.52330446
0.8222765
0.58936447
0.33124715
0.2402431
0.58422863
0.6103027
0.45786217
0.7692137
0.52423584
0.9705759
0.8429018
0.72791356
0.6214491
0.19462857
0.43536508
0.7816759
0.6224295
0.83630574
0.59571916
0.9108739
0.83068967
0.09128049
0.07294231
0.7529949
0.5309044
0.1714337
0.09032729
0.8949459
0.8025532
0.9447852
0.17000136
0.28547415
0.15267906
0.67392683
0.76503944
0.42304885
0.7354897
0.48965278
0.53431565
0.15639561
0.7367303
0.25901467
0.8245641
0.4019426
0.3449879
0.5770765
0.45517206
0.35762826
0.71762264
0.91191447
0.84817165
0.5846599
0.6780905
0.39809728
0.52928776
0.393377
0.31950462
0.8930792
0.5258296
0.06466193
0.56431586
0.5943177
0.32771683
0.85101163
0.28008825
0.8930792
0.76714957
0.71980876
0.5417744
0.2898177
0.6723509
0.8930792
0.46925902
0.9565821
0.36306724
0.6541995
0.66359997
0.79863966
0.6859406
0.1024144
0.38078988
0.64903915
0.51168686
0.5636334
0.9071071
0.958256
0.72243977
0.96771777
0.29956207
0.32630926
0.81032765
0.7523905
0.4600193
0.95142806
0.3371504
0.7118136
0.575379
0.5828122
0.3485506
0.832355
0.34746686
0.7443539
0.5264621
0.6445595
0.08085685
0.671806
0.5723373
0.8524249
0.9239551
0.2165896
0.73219615
0.7710742
0.6303612
0.7816759
0.80796856
0.6029243
0.50822765
0.916011
0.6872795
-0.010732873
0.4350805
0.5598124
0.5495819
0.6252413
0.76198196
0.51168686
0.8820244
0.62741005
0.79345137
0.9503433
0.94894445
0.24741215
0.70828253
0.83517665
0.79195774
0.75161463
0.45317996
0.38758767
0.6672036
0.4428792
0.73914623
0.35744977
0.23905939
-0.0031087766
0.45059824
0.66553974
0.45016384
0.49866414
0.6862879
0.83420235
0.2480357
0.60605043
0.11627209
0.7212937
0.958256
0.7702286
0.7751682
0.9060241
0.5772686
0.85110134
0.7044412
0.52621776
0.23793028
0.33088785
0.8511557
0.7039829
0.66359997
0.7774606
0.5178974
0.9679418
0.5684274
0.51563704
0.8742375
0.6391349
0.17919569
0.9162244
0.50671923
0.7463223
0.37678725
0.81897354
0.53532094
0.65304214
0.7111864
0.8437611
0.5164268
0.53263646
0.62191904
0.41751924
0.7480449
0.3982767
0.12793757
0.3204718
0.6311533
0.43082815
0.6612958
0.5782641
0.1236553
0.8387355
0.5893793
0.80796856
0.4069591
0.56765974
0.48984405
0.6607594
0.58995086
0.53532094
0.52214795
0.14732066
0.84182817
0.42856485
0.8569836
0.55365753
0.4194329
0.70146203
0.8040389
0.81664073
0.14047611
0.79624176
0.60964763
0.7432532
0.36055863
0.99388367
0.45339814
0.94305474
0.7692137
0.5311513
0.67038894
0.57521456
0.81864023
0.5903066
0.7519698
0.84468085
0.8548847
0.90966636
0.4419323
0.47219276
0.6607594
0.86437386
0.6921685
0.6401565
0.7539589
0.7185425
0.9705759
0.36019564
0.76639795
0.57922006
0.4645328
0.39097297
0.9850933
0.95088875
0.75836754
0.16220477
0.45926082
0.5630838
0.6260424
0.39539415
0.52273256
0.68880534
0.5982135
0.91131836
0.28017837
0.54769945
0.7851184
0.1637047
0.8930792
0.3495845
0.36765218
0.0932758
0.564247
0.3330348
0.43730608
0.27621704
0.60627246
0.54502654
0.31085864
0.5903066
0.44044524
0.589154
0.7361334
0.6830829
0.15619563
0.7266722
0.49647155
0.6048778
0.7741572
0.94379973
0.3828447
0.95226496
0.2639964
0.8288339
0.5757593
0.20383863
0.5650388
0.61516565
0.90335107
0.8515395
0.72497916
0.72257096
0.19127
0.62026083
0.96261925
0.6043372
0.48554817
0.890204
0.8594207
0.35025287
0.66359997
0.24099952
0.70742905
0.824283
0.35649377
0.8872237
0.8699732
0.45658672
0.2559773
0.6532605
0.69564265
0.8109096
0.5772686
0.45282045
0.53532094
0.5740527
0.7501736
0.95993614
0.62578183
0.11324054
0.7278745
0.6982151
0.5971397
0.5658196
0.21323729
0.60627246
0.041511077
0.5405458
0.6413181
0.5495819
0.65845156
0.5830763
0.17534405
0.76752335
0.75156415
0.69314146
0.20144738
0.7194955
0.547068
0.5980188
0.5026494
0.27875924
0.5903215
0.54519635
0.52273256
0.61190295
0.70001704
0.50365865
0.7991961
0.2097839
0.6581218
0.12782408
0.81664324
0.54247415
0.8551477
0.32055792
0.5750927
0.81377304
0.08732768
0.53095055
0.49934924
0.51453173
0.86971074
0.10374266
0.53532094
0.50293106
0.6923295
0.694112
0.7625022
0.2323601
0.64288485
0.6919447
0.95141876
0.5844835
0.44900236
0.547068
0.7870619
0.104433
0.11910616
0.61190295
0.8524249
0.7044412
0.56814
0.5179296
0.7806636
0.8775612
0.7927891
0.6704326
0.7626709
0.9222041
0.28904837
0.19465834
0.9558394
0.5128817
0.5893793
0.6404806
0.78634083
0.9503433
0.67781675
0.8966943
0.5293154
0.584955
0.35164708
0.5646261
0.7175804
0.9195013
0.5628581
0.7457326
0.67781675
0.90213746
0.5848458
0.85906327
0.649262
0.91591144
0.6624018
0.54555154
0.7751682
0.7044656
0.1783207
0.5943842
0.46454582
0.7936061
0.747256
0.6632897
0.5899557
0.7613296
0.28525445
0.76714057
0.90232635
0.50701576
0.6475692
0.18154502
0.6793802
0.23922373
0.73739403
0.71572745
0.5419737
0.58936447
0.12570363
0.7950665
0.582368
0.8218479
0.5388962
0.28347635
0.22284296
0.20453092
0.26489443
0.6391387
0.14125842
0.10460031
0.94442624
0.57920396
0.8276397
0.58174264
0.7361334
0.2343912
0.8789644
0.8146417
0.7807174
0.49595696
0.51072717
0.45567173
0.533476
0.724148
0.5319859
0.90047467
0.65475947
0.6632897
0.9195013
0.6404664
0.44422215
0.03053461
0.6457398
0.45735744
0.9476363
0.8930792
0.2759107
0.65145063
0.5342698
0.6925934
0.83548105
0.6137731
0.911685
0.72345126
0.8012269
0.93082565
0.95141876
0.6723509
0.2835732
0.70430773
0.69115734
0.8930792
0.48811448
0.19833913
0.5904413
0.41904247
0.7205495
0.29519403
0.6782991
0.25866038
0.3926958
0.62216675
0.8930792
0.36500263
0.49103156
0.5855074
0.45482916
0.724148
0.6392474
0.53983796
0.6427501
0.15272865
0.86309683
0.7697091
0.6008382
0.83420235
0.68570244
0.5740527
0.84980726
0.79345137
0.34465575
0.4460205
0.35356727
0.16482149
0.85793924
0.6921685
0.4795614
0.44777292
0.4401586
0.5673822
0.46475902
0.6243972
0.4985818
0.37047097
0.467207
0.73022205
0.35507926
0.588984
0.8790409
0.7363996
0.59920555
0.47219276
0.6946868
0.23225461
0.9108739
0.7336229
0.82596165
0.71280384
0.48436785
0.3120977
0.54124916
0.31977758
0.34328884
0.40112764
0.5684274
0.7308788
0.14813048
0.116348036
0.9001864
0.58174264
0.13859385
0.8578305
0.547068
0.8739274
0.053421393
0.41030872
0.08930329
0.48235357
0.7278411
0.5087628
0.0100072995
0.50696933
0.5261525
0.5893793
0.38501495
0.80678684
0.35389006
0.50506043
0.8930792
0.5182431
0.55750567
0.19138153
0.76437366
0.6355173
0.829715
0.099993795
0.7492724
0.44542924
0.8773512
0.7588035
0.2995316
0.6756638
0.43105784
0.46227622
0.62794995
0.6870074
0.5129755
0.7347315
0.43349615
0.7981653
0.5221865
0.94929266
0.77984625
0.5706893
0.66570795
0.5509979
0.51584154
0.7008674
0.69397247
0.23011321
0.3742666
0.567219
0.23141322
0.5417744
0.77306354
0.57056016
0.47199076
0.82045054
0.7694893
0.693785
0.5941808
0.6604091
0.8518877
0.17293651
0.5982135
0.82507175
0.48740062
0.7194955
0.58856326
0.35149837
0.8773512
0.32250765
0.7424816
0.74927545
0.69821155
0.73104686
0.282562
0.5835276
0.59850955
0.61676717
0.7538668
0.5658196
0.4547338
0.66334385
0.685245
0.6541995
0.65878314
0.13541898
0.43268314
0.48329577
0.8954114
0.5145662
0.19919728
0.9003606
0.9108739
0.95322037
0.44493103
0.6583943
0.63434327
0.547068
0.9060241
0.13355482
0.23910303
0.85795236
0.5770765
0.34627703
0.7458804
0.55942243
0.06721233
0.7613296
0.62069976
0.8505086
0.48306137
0.21308395
0.9382039
0.82695836
0.82751155
0.6766654
0.3000548
0.6524771
0.2956962
0.63822603
0.5737137
0.67038894
0.8773948
0.45919174
0.73153585
0.75715005
0.25337875
0.17270096
0.5056666
0.8146417
0.55416566
0.52273256
0.4825732
0.8821337
0.1985515
0.5982135
0.6208371
0.18230307
0.5225458
0.3152211
0.30341756
0.5421069
0.30580562
0.45634934
0.51431954
0.5764319
0.43082815
0.21195838
0.15941016
0.50349754
0.5030956
0.3940945
0.33124715
0.8643185
0.829715
0.48715287
0.5571772
0.8641948
0.958256
0.54889935
0.70554715
0.72791356
0.90291166
0.516948
0.6199278
0.23960608
0.695597
0.4157556
0.8836031
0.15523195
0.6122806
0.45862103
0.5098122
0.68398905
0.7457326
0.7432532
0.43730608
0.6126166
0.4784491
0.59199065
0.98870647
0.66157115
0.4400557
0.66276395
0.6979413
0.5306781
0.29053444
0.6353414
0.44422215
0.53455675
0.11955008
0.7038809
0.6157953
0.3887848
0.1585912
0.70202035
0.48627883
0.95789486
0.7781637
0.41618714
0.50009304
0.43960017
0.055568926
0.76750267
0.4350805
0.39412445
0.9020989
0.49245876
0.49100947
0.5433523
0.30692983
0.3939268
0.6157953
0.3174087
0.44927955
0.7694893
0.55262893
0.42582366
0.45755294
0.91760266
0.42927793
0.6949785
0.58652896
0.7290263
0.42320114
0.85906327
0.56165767
0.4714838
0.225098
0.59246373
0.15980195
0.61906487
0.79624176
0.62590957
0.46499556
0.832355
0.50925064
0.41398865
0.34309006
0.28111953
0.56890035
0.7198904
0.7632958
0.57056016
0.6268725
0.7189034
0.8930792
0.71280384
0.8954114
0.7443539
0.23316067
0.9295029
0.39281636
0.78064275
0.5567802
0.5318525
0.41179487
0.6391387
0.452546
0.49328536
0.22850558
0.48235252
0.388113
0.077883236
0.94305474
0.7318144
0.66292375
0.38467443
0.44233972
0.48178813
0.48022756
0.33584973
0.8222765
0.41808
0.205271
0.4889395
0.43082815
0.24605078
0.7455394
0.44762728
0.76639795
0.560649
0.45844865
0.55262893
0.701993
0.6427501
0.99388367
0.33660242
0.9531371
0.44315144
0.5673822
0.6498364
0.5706893
0.6982151
0.7851184
0.5264621
0.25936618
0.07748951
0.5242479
0.71359026
0.81009924
0.47068793
0.33202776
0.50218725
0.76714057
0.50958467
0.34642696
0.2994786
0.42654046
0.65475947
0.76697505
0.720926
0.8699732
0.54445547
0.9476363
0.6583943
0.91591144
0.21968712
0.55365753
0.63387626
0.4350805
0.1439991
0.75408
0.91131836
0.422624
0.46920496
0.5982135
0.7010271
0.6730772
0.9295029
0.33069885
0.09942395
0.61800945
0.51377654
0.58174264
0.50958467
0.58578414
0.72457296
0.27770886
0.5067926
0.6959261
0.5342698
0.65475947
0.17400622
0.4350805
0.8930792
0.54181755
0.5782236
0.72332823
0.06156072
0.42399833
0.8872237
0.5876306
0.1402755
0.15329918
0.36573714
0.58207846
0.6878886
0.56416005
0.6810789
0.45580834
0.22506277
0.4784491
0.4795614
0.48436785
0.72301006
0.69033736
0.7981653
0.26545936
0.4537952
0.28555664
0.95088875
0.8122247
0.81032765
0.5363601
0.3985963
0.5089214
0.17947012
0.49404618
0.19997704
0.83630574
0.6383699
0.4194329
0.53532094
0.107437715
0.5762026
0.27084163
0.5706649
0.13583535
0.6916607
0.5903215
0.27222413
0.6066053
0.44167143
0.19725077
0.18157864
0.65475947
0.8739274
0.77781427
0.51453173
0.49173805
0.1698348
0.47400808
0.720926
0.75408
0.23988101
0.5841909
0.53034
