0.46421897
0.6232017
0.7142584
0.5243213
0.8183118
0.4464469
0.8450235
0.63084286
0.8919697
0.7699495
0.7551276
0.6801659
0.67661625
0.674157
0.48397422
0.4352534
0.5095391
0.77233833
0.4720185
0.5202278
0.48383522
0.49377456
0.4111985
0.8641199
0.83470064
0.618666
0.5526707
0.75597525
0.44496208
0.61879766
0.62288505
0.5892579
0.8742948
0.6378481
0.58794194
0.6907131
0.53787124
0.24516438
0.7981942
0.5665371
0.67635673
0.49311763
0.4446786
0.5074194
0.3483455
0.30971843
0.38370448
0.68346256
0.7743448
0.6491768
0.672992
0.6286591
0.38443404
0.6556048
0.8274784
0.85229427
0.75049925
0.7718327
0.53623176
0.52401936
0.3401312
0.7453413
0.37791443
0.8404723
0.5158446
0.4897254
0.5429542
0.5864461
0.49520934
0.562124
0.6087221
0.3213687
0.30864906
0.5828768
0.37483978
0.5252099
0.5597617
0.7699096
0.4572572
0.6330029
0.779459
0.4122797
0.53240186
0.8480556
0.7538239
0.73264396
0.69581175
0.8327832
0.75234216
0.6418425
0.41555908
0.50825465
0.6597215
0.75716275
0.3373786
0.88242334
0.49114043
0.7969918
0.42239773
0.4571686
0.7359866
0.8878118
0.6629272
0.87695336
0.5583884
0.66289264
0.79127556
0.8875974
0.5722829
0.65112954
0.60791266
0.7463185
0.44525862
0.30329064
0.3689062
0.5693833
0.54464495
0.68446875
0.59786606
0.8684062
0.7240758
0.5002219
0.40007633
0.67513514
0.44537896
0.49602783
0.6313312
0.6146722
0.7007219
0.4176922
0.45320332
0.48265442
0.77866554
0.39485663
0.7325612
0.6512105
0.89457774
0.5093927
0.46989912
0.6581191
0.6634708
0.6639197
0.64393175
0.9512841
0.59771997
0.76210463
0.38435143
0.22494788
0.8133177
0.73288536
0.9405089
0.56767744
0.76561016
0.5472393
0.7847978
0.31238538
0.45721686
0.51072466
0.66619027
0.50760543
0.70878035
0.6389198
0.8576189
0.910781
0.919304
0.45567533
0.7124066
0.50412977
0.6097742
0.5778091
0.648143
0.8348517
0.7287266
0.64506245
0.6896914
0.7914673
0.7150456
0.5534748
0.8374596
0.83674955
0.6895869
0.78501856
0.48328978
0.71758205
0.79133403
0.45784467
0.71868706
0.45130426
0.5538743
0.71978754
0.6515887
0.41793457
0.71130407
0.360836
0.21781409
0.51373374
0.7855285
0.44012284
0.42126983
0.6096644
0.8818215
0.40623504
0.7229779
0.7890953
0.6660466
0.7129024
0.9621518
0.36157325
0.7732463
0.87268955
0.60651535
0.70167196
0.5997877
0.3897327
0.346289
0.5331923
0.4725274
0.89222753
0.5154174
0.6218462
0.49288774
0.8700758
0.4836121
0.7194243
0.6011623
0.7403891
0.49841028
0.42299896
0.690711
0.5920029
0.6586971
0.30203193
0.5862968
0.4985385
0.6575248
0.6071178
0.5319827
0.30856133
0.59375656
0.42997414
0.5029397
0.66400313
0.5514289
0.40602803
0.6007308
0.64235413
0.7410269
0.8511081
0.5682323
0.6384219
0.3661879
0.6628845
0.62552017
0.81986487
0.37659076
0.7119214
0.42470503
0.60580266
0.7320417
0.55079705
0.65152013
0.8352983
0.29464045
0.4951576
0.6191136
0.66931486
0.521725
0.6651434
0.5005386
0.6153641
0.24275388
0.42345983
0.8692373
0.74987
0.42579448
0.5704121
0.5806763
0.6926683
0.61555016
0.91784304
0.7989036
0.595148
0.44109535
0.454135
0.4201485
0.3677004
0.31705576
0.56097656
0.506174
0.40251637
0.6872086
0.7361584
0.9308145
0.7492363
0.6143292
0.61322254
0.43090242
0.68164086
0.20470831
0.7434858
0.71778643
0.46087635
0.805712
0.65930414
0.6066781
0.35801068
0.33406955
0.45168144
0.7605965
0.6334952
0.69240797
0.68584406
0.92547464
0.44892025
0.24551362
0.4642154
0.7461499
0.65880096
0.5212195
0.6819053
0.5601868
0.46316272
0.4031285
0.7300074
0.4556093
0.8089438
0.865805
0.59519637
0.42529625
0.7470985
0.66006714
0.630826
0.5948344
0.8329325
0.76890016
0.7321965
0.64358586
0.6428907
0.5439826
0.55168426
0.7357241
0.50377953
0.50969803
0.4310092
0.5099164
0.7802757
0.5319885
0.5528767
0.8216855
0.81212896
0.6604841
0.75306565
0.7562964
0.6991089
0.65534896
0.65787095
0.53278357
0.58806795
0.27878883
0.69099146
0.5922172
0.42467436
0.45060652
0.5216572
0.19767539
0.56217927
0.3886189
0.5261526
0.8167101
0.52035195
0.5864757
0.8741068
0.76895684
0.30097172
0.47945172
0.64680016
0.537787
0.668193
0.61808795
0.5044994
0.8151542
0.75915146
0.70050436
0.49518204
0.58878964
0.5568128
0.75560594
0.3136911
0.35480124
0.41082156
0.5085005
0.6891041
0.7330762
0.5024608
0.45601448
0.67796403
0.86851543
0.55195683
0.31144825
0.8702041
0.4824434
0.7103599
0.80430007
0.81063646
0.7313578
0.69176066
0.4228501
0.6774757
0.68763626
0.61752635
0.6627646
0.5035798
0.45224038
0.59808016
0.86459637
0.36320472
0.6429462
0.5688532
0.80863667
0.742311
0.71889305
0.5843956
0.4781271
0.8126855
0.4569524
0.6322936
0.35830936
0.8362081
0.83527553
0.41034356
0.56466496
0.5993685
0.85077465
0.5268824
0.7746285
0.43365178
0.60340613
0.4696605
0.58701414
0.6030244
0.33911443
0.928424
0.83158183
0.701093
0.9112457
0.77646613
0.27037743
0.87386984
0.74450535
0.5191416
0.5008387
0.78097475
0.74149805
0.49887523
0.6344884
0.39460137
0.4143983
0.57696635
0.407768
0.76596385
0.3272473
0.52412415
0.26000857
0.4206192
0.6364652
0.7872079
0.70859945
0.72644526
0.6238867
0.6308913
0.40142947
0.86633176
0.8631737
0.5944302
0.4736214
0.78874755
0.7373568
0.571681
0.4932335
0.5876046
0.19180684
0.73537594
0.7423588
0.5961043
0.705124
0.9412303
0.739382
0.73344105
0.6216581
0.48422283
0.7932443
0.7607553
0.65743417
0.7997747
0.47236848
0.34069774
0.3509206
0.8381638
0.39280272
0.7416183
0.71939695
0.7360176
0.9477919
0.57159483
0.37915325
0.4715122
0.7916778
0.84511685
0.31141067
0.77611136
0.45709133
0.22481367
0.34311485
0.35276523
0.4566021
0.53401417
0.67077804
0.71528864
0.45269108
0.7758837
0.55217314
0.5825854
0.28834483
0.71148694
0.59351087
0.49642482
0.50356495
0.516197
0.8367142
0.41606405
0.85025203
0.5507868
0.6536782
0.5745677
0.62333804
0.21097969
0.72588533
0.4524968
0.71610785
0.5731843
0.93661565
0.40276527
0.65953183
0.47939712
0.7816838
0.6870182
0.7253926
0.40335426
0.5074277
0.7685207
0.5469797
0.57951486
0.7304242
0.4465987
0.43987033
0.66881096
0.41620833
0.741351
0.6520737
0.66716266
0.47678784
0.49521172
0.57469225
0.4755036
0.44871745
0.38123107
0.63832927
0.5876032
0.8566302
0.66238916
0.6914858
0.6707703
0.63315326
0.75527537
0.6945045
0.644484
0.6495652
0.6221355
0.74019295
0.4315987
0.8124347
0.496322
0.7571202
0.318052
0.45948654
0.46875012
0.67398727
0.88805246
0.70081383
0.62651795
0.47658294
0.5425357
0.7200917
0.82245916
0.77941775
0.6420864
0.7952385
0.41140556
0.50816464
0.67258567
0.74957
0.5167692
0.44106567
0.6928998
0.6844074
0.48545703
0.50673324
0.5279436
0.7989328
0.6456953
0.6642235
0.60832274
0.82675344
0.8310729
0.9106854
0.40063116
0.56460834
0.73157334
0.5215446
0.4390657
0.71898645
0.8249871
0.64616394
0.87886465
0.5119271
0.5083069
0.7658574
0.5568145
0.7333035
0.5464527
0.59381115
0.52601886
0.90832305
0.7270561
0.55614007
0.43703115
0.5356247
0.7595818
0.8035685
0.5670674
0.5424299
0.5988762
0.41868445
0.55394226
0.5296455
0.89190143
0.50619453
0.40320703
0.61537886
0.5202757
0.20703717
0.77970135
0.5142795
0.31639597
0.80838776
0.6077991
0.73674136
0.7290966
0.4684414
0.7106964
0.51254326
0.6369785
0.42592633
0.44139326
0.66638047
0.26160458
0.4294657
0.3617273
0.5120458
0.5050375
0.6909937
0.6432768
0.8480411
0.76270497
0.560993
0.6759914
0.42151684
0.548542
0.84954274
0.8072755
0.36473128
0.6788366
0.44064713
0.61779207
0.73977464
0.77223873
0.6695486
0.84460926
0.62600136
0.7415646
0.6246901
0.65105486
0.78251594
0.41559812
0.37786072
0.5818356
0.7266745
0.60355896
0.6261797
0.62445104
0.6058639
0.5834109
0.31729186
0.66558015
0.67888296
0.39807963
0.68142176
0.4611991
0.5362637
0.45036095
0.58375156
0.5328361
0.520126
0.5873161
0.79115576
0.81156933
0.7372086
0.38547727
0.6114475
0.86633176
0.7301242
0.75430506
0.67548573
0.6938315
0.8669863
0.7629701
0.48532176
0.8079312
0.646737
0.8296971
0.69206256
0.6767418
0.42089278
0.55209976
0.61199605
0.71658254
0.5532188
0.38620663
0.33393136
0.7977561
0.37202364
0.53655046
0.54904646
0.5748814
0.69161224
0.73147565
0.3283924
0.44985119
0.55898017
0.89555645
0.48219186
0.547937
0.3411612
0.6618266
0.9477919
0.57664734
0.63195467
0.7287266
0.65611506
0.76682806
0.5261106
0.41902277
0.6434665
0.6048534
0.6727427
0.64403564
0.53982234
0.21257496
0.5000124
0.6723952
0.4332946
0.47553238
0.82714796
0.46561658
0.33602962
0.5716325
0.56132233
0.80596834
0.46311593
0.6657158
0.48996767
0.28996927
0.38825893
0.41694844
0.5607636
0.36491317
0.4840971
0.8071407
0.6123924
0.83667165
0.8145878
0.63874424
0.7712423
0.5456227
0.33697703
0.65245354
0.5982731
0.43420142
0.38372284
0.39011505
0.686198
0.5410547
0.65583426
0.665424
0.6046676
0.8379237
0.602075
0.6213302
0.56137913
0.476205
0.6733237
0.7459135
0.17911579
0.71559596
0.7162223
0.78137136
0.3996684
0.73596823
0.3795563
0.5055616
0.55317366
0.42930484
0.3533762
0.667059
0.44399998
0.8467239
0.555516
0.7739683
0.43274635
0.54328513
0.053892095
0.4516687
0.8461389
0.54597485
0.51935655
0.5260695
0.69828844
0.6344923
0.73257256
0.47498316
0.7957174
0.84894234
0.39540786
0.8560262
0.52999914
0.6688153
0.5193848
0.398945
0.49075413
0.9006117
0.5127549
0.32825807
0.81988513
0.8023728
0.4731624
0.6004459
0.34371233
0.50813055
0.5321182
0.4125055
0.58502614
0.771115
0.8617319
0.67946774
0.2943657
0.52519125
0.6680918
0.41749176
0.662972
0.47956946
0.58606315
0.32100412
0.808289
0.5855138
0.27512166
0.40938598
0.54556876
0.8065952
0.8646785
0.7649156
0.8504499
0.62854123
0.61747146
0.8836819
0.73419493
0.49101147
0.5214002
0.89822394
0.7347604
0.5552117
0.41581443
0.42150018
0.36022556
0.35381296
0.79077095
0.542529
0.434583
0.74788237
0.8103496
0.6201782
0.44401366
0.3697075
0.3109494
0.8969238
0.44188768
0.36115548
0.94206154
0.53128546
0.8676226
0.6742557
0.6870738
0.5472004
0.5142622
0.71383005
0.6190315
0.3929979
0.27531955
0.6657689
0.40991035
0.31808573
0.4233226
0.74502677
0.5023507
0.43721318
0.5483978
0.87683314
0.7089563
0.5694704
0.352684
0.83599454
0.6485907
0.8566302
0.49652308
0.49908343
0.43161204
0.7692268
0.62664574
0.7458487
0.7582156
0.5288803
0.54647446
0.5148218
0.3175269
0.31340614
0.3337224
0.4284417
0.5700315
0.48532176
0.42223513
0.5459661
0.57592493
0.80497193
0.5642287
0.64934105
0.6909152
0.74143016
0.62360775
0.54287285
0.8294569
0.41078728
0.727983
0.43746328
0.2266397
0.4653692
0.60143185
0.8769908
0.5128811
0.49389142
0.4305311
0.4452243
0.85898066
0.8221401
0.5974823
0.7970894
0.46692762
0.4182728
0.577908
0.45351622
0.6737594
0.6189889
0.54722106
0.73056793
0.6428723
0.3476882
0.5683917
0.61681217
0.4116785
0.66015136
0.65353405
0.6948039
0.47104236
0.6314725
0.84136784
0.44243333
0.6372727
0.5779674
0.83163625
0.6720705
0.4916153
0.8479291
0.5060703
0.43772528
0.6840513
0.554691
0.70669323
0.33554152
0.7029854
0.50383186
0.67527664
0.54923755
0.44891688
0.5484739
0.728174
0.41156363
0.43251786
0.60211486
0.5358339
0.5275332
0.65454173
0.3593897
0.4630062
0.7862886
0.69359344
0.44243425
0.47831622
0.45247242
0.53571755
0.42437014
0.710029
0.68927467
0.48403794
0.848818
0.4591754
0.8134301
0.5805637
0.7062241
0.277562
0.7119464
0.8809808
0.35907736
0.54081804
0.50057936
0.36230463
0.32570788
0.56949246
0.75352657
0.8320118
0.3945759
0.34440374
0.3566912
0.58014464
0.5813054
0.4153905
0.80949605
0.517106
0.42971128
0.5047679
0.5041231
0.5508202
0.6014885
0.7969918
0.6612685
0.5160377
0.73388124
0.7425236
0.6101688
0.5771798
0.53902584
0.8649256
0.73147106
0.68298537
0.5190085
0.58705455
0.40207502
0.85701454
0.36555836
0.61366594
0.55894655
0.6694251
0.8962562
0.4113801
0.78896
0.434882
0.5134398
0.38088912
0.4694899
0.5982321
0.60486376
0.48220164
0.40992987
0.46810156
0.8788265
0.859267
0.36306465
0.59704095
0.75123197
0.4700209
0.9357102
0.6948657
0.5617826
0.6775977
0.48599106
0.5834231
0.579788
0.6580339
0.66558886
0.6547672
0.5378861
0.4621274
0.40566286
0.4093742
0.75268674
0.5787473
0.67610294
0.55724394
0.62195903
0.47509643
0.52177954
0.7246963
0.484388
0.42028397
0.616246
0.42526948
0.61086226
0.87076426
0.40828136
0.59491986
0.59634537
0.5706898
0.7122784
0.3488757
0.43482494
0.66972697
0.6754981
0.5798473
0.4776816
0.7164955
0.54279006
0.59747565
0.81821066
0.44607398
0.3390517
0.41058525
0.75526065
0.3854228
0.631996
0.58985704
0.6762938
0.8733835
0.7555864
0.7135332
0.77386236
0.8235815
0.59041023
0.60965246
0.75965905
0.8784646
0.5371162
0.3888396
0.6808386
0.51561296
0.66661453
0.72071016
0.8270488
0.5372269
0.5517546
0.76499474
0.72320265
0.56799823
0.7824355
0.27396858
0.73194623
0.6814254
0.5341854
0.7452217
0.5888258
0.5320541
0.8979246
0.5201693
0.7323787
0.87323856
0.9170704
0.2960779
0.5800721
0.31938487
0.5069036
0.72252303
0.7886304
0.502771
0.34342393
0.6511164
0.47042203
0.8713482
0.8121456
0.2470916
0.5349003
0.6274763
0.7434465
0.6459894
0.6878557
0.48352903
0.49822712
0.59408313
0.47755605
0.3260112
0.8218054
0.60043585
0.5421995
0.6771348
0.6113267
0.45147026
0.74697924
0.6220311
0.70434403
0.6763726
0.6227199
0.7578694
0.78775287
0.6999746
0.5683346
0.30444968
0.57903886
0.64217585
0.80085635
0.3169979
0.3778786
0.56137013
0.71535003
0.6642069
0.49548942
0.3534434
0.32718715
0.7667036
0.8700758
0.8441931
0.64354193
0.49713624
0.8191354
0.754143
0.63458973
0.42102695
0.33482146
0.3954872
0.7859006
0.50242335
0.4839612
0.5555655
0.52535415
0.9004213
0.70433617
0.75628436
0.7463919
0.7312847
0.43308762
0.7106971
0.6541964
0.6321819
0.531505
0.7481136
0.630546
0.67046046
0.27670252
0.546636
0.913677
0.5832802
0.6296562
0.7712423
0.7545341
0.43754953
0.72888654
0.7780979
0.7789094
0.3467158
0.6403411
0.44412303
0.5923145
0.6920618
0.66309714
0.8148626
0.72341734
0.30956626
0.4982506
0.47071362
0.7684647
0.6893713
0.50147915
0.7022102
0.4207868
0.734578
0.44111413
0.40423918
0.30807814
0.5800701
0.68970466
0.9161804
0.6580889
0.4825014
0.5563388
0.5883649
0.59624463
0.74142647
0.60976034
0.8229481
0.71438086
0.60334104
0.59568524
0.54929024
0.7582378
0.716698
0.5925776
0.8207592
0.49414954
0.7256234
0.806861
0.81009686
0.47968584
0.26485196
0.06322363
0.38410622
0.56796724
0.42111936
0.6639678
0.6262648
0.5980655
0.7855983
0.5708096
0.354736
0.6257416
0.80553466
0.56834006
0.30784327
0.30690733
0.5910193
0.52561283
0.5598656
0.59281355
0.39321578
0.45101056
0.66689867
0.69644696
0.57162374
0.44722602
0.4651054
0.7735844
0.7187128
0.76314557
0.5994411
0.8375243
0.6969588
0.67115206
0.6058358
0.6007359
0.6207526
0.35206917
0.7085263
0.63855183
0.8335638
0.7699541
0.66411966
0.5503217
0.53707546
0.23959398
0.73818755
0.39139274
0.5633266
0.50348663
0.8215871
0.55522555
0.7854912
0.66769975
0.71049273
0.72864926
0.60137707
0.86032295
0.42081589
0.41662014
0.5584562
0.41266257
0.852509
0.57614744
0.5698005
0.43673462
0.7456286
0.7706307
0.5866451
0.6230269
0.5670782
0.77180386
0.39732152
0.7328158
0.8152844
0.42521703
0.8303232
0.7133677
0.827602
0.6862955
0.6937598
0.8377484
0.76901984
0.46387476
0.46901542
0.30240056
0.44420266
0.38441342
0.7414217
0.64383805
0.49465665
0.6550359
0.66493785
0.51096106
0.45563054
0.6221731
0.4924664
0.5867686
0.54709375
0.7544323
0.415115
0.4494878
0.50552803
0.62011445
0.8129848
0.83903193
0.41069236
0.4594136
0.4347918
0.72955626
0.6306027
0.54578805
0.41965684
0.37048826
0.4952154
0.6381043
0.66700226
0.45346588
0.42449197
0.36007124
0.6415727
0.8481297
0.52338016
0.64377487
0.6116562
0.9476285
0.39420187
0.76732695
0.26477802
0.49697706
0.6277124
0.373108
0.61682695
0.61373204
0.5195745
0.16745982
0.24354263
0.64567244
0.7110004
0.74187493
0.6897967
0.7943188
0.662356
0.6261424
0.5163678
0.5279585
0.6923032
0.5242761
0.54645985
0.3165775
0.79216623
0.5787504
0.5342216
0.578924
0.84361565
0.4525567
0.64640784
0.51129615
0.5678226
0.37701017
0.7912519
0.48297405
0.76273346
0.6679499
0.68692714
0.63950807
0.6952617
0.76581705
0.3165498
0.2678289
0.4363946
0.44439057
0.7547623
0.82579064
0.41969097
0.36660692
0.6337008
0.57592887
0.2862807
0.62838715
0.6733648
0.44992676
0.4448705
0.76898193
0.6226519
0.5444785
0.6727531
0.64489365
0.5754647
0.5717622
0.8289754
0.5200915
0.6372755
0.78799176
0.59625167
0.3446858
0.56276333
0.48993355
0.44374514
0.6720312
0.5848689
0.7903062
0.779231
0.66899735
0.34327492
0.6568904
0.57021165
0.9010146
0.5776244
0.4740625
0.319141
0.95821166
0.6144822
0.7007341
0.5070436
0.75705045
0.6356918
0.39880404
0.5618372
0.39492652
0.5765544
0.89159566
0.46446872
0.6946108
0.15980539
0.67838484
0.552483
0.44278532
0.45165884
0.64400417
0.7244728
0.74836195
0.4553501
0.856891
0.6495505
0.6351254
0.47101128
0.64900625
0.55348504
