0.3484944
0.49792027
0.38185626
0.4779952
0.8170118
0.29910517
0.30746558
0.36244547
0.7110192
0.40614188
0.36814868
0.24435116
0.78270274
0.48117724
0.83134276
0.5817339
0.31596646
0.31754074
0.47309512
0.40150738
0.8249308
0.5875929
0.5062984
0.90380955
0.30491185
0.1648695
0.7732856
0.83261144
0.23356022
0.49183637
0.32765567
0.42110914
0.36247718
0.5539491
0.36019596
0.20202063
0.5011211
0.5844086
0.5702425
0.496525
0.49722952
0.50682086
0.30077964
0.4079348
0.5941274
0.5485667
0.28220716
0.77356637
0.64176565
0.4433356
0.45996845
0.3288342
0.28387877
0.47775573
0.7537214
0.6146832
0.28979394
0.3935538
0.7337993
0.7572948
0.32812116
0.77292377
0.40936208
0.29486373
0.62780166
0.36029375
0.88727045
0.7703754
0.50881237
0.3940358
0.63720816
0.39793825
0.3420701
0.37819254
0.38509315
0.10969151
0.44718385
0.5210342
0.20794092
0.42748928
0.47097397
0.6296686
0.42672282
0.78824747
0.3207644
0.27236685
0.23753253
0.6731361
0.866841
0.22681637
0.22557479
0.26968715
0.65222377
0.23392737
0.36867788
0.74454486
0.27311346
0.33792192
0.28564823
0.39815253
0.38271326
0.7930585
0.6906162
0.23261724
0.40612143
0.34811088
0.59630287
0.76894593
0.48709592
0.5264721
0.2949335
0.49243662
0.33756828
0.37701112
0.55240184
0.34954348
0.58425045
0.3597014
0.26311862
0.2735903
0.5463291
0.58712023
0.16114174
0.36189604
0.23465833
0.48733115
0.26048207
0.2938527
0.44993883
0.3876481
0.69348615
0.7084863
0.47829664
0.38054794
0.74754983
0.47532275
0.8892117
0.7547641
0.43764752
0.4082437
0.31443876
0.60563296
0.8647077
0.7764922
0.59789395
0.6816497
0.31910667
0.53143054
0.26160493
0.48795417
0.61264694
0.23396611
0.8319251
0.49019483
0.4661978
0.7714673
0.3688573
0.17998402
0.47799116
0.27792546
0.4409203
0.8762826
0.39416993
0.3547166
0.54983413
0.39707184
0.32771468
0.3547529
0.29223284
0.50491935
0.5052068
0.5334663
0.5569546
0.2885321
0.45470047
0.75116706
0.48186582
0.36467868
0.7197637
0.8788877
0.7863958
0.27102315
0.40264514
0.5239067
0.4173416
0.41351357
0.42590946
0.3684031
0.547111
0.5098833
0.47139102
0.31313118
0.32652536
0.3302725
0.42096248
0.7434762
0.47118723
0.37670296
0.2370524
0.6519151
0.60540783
0.54173523
0.5837023
0.34787098
0.24193463
0.4850683
0.7247712
0.40798855
0.5357502
0.7629502
0.61961234
0.4883343
0.5473135
0.23358798
0.22047263
0.45212615
0.5322956
0.32138488
0.3965686
0.4579141
0.5276139
0.7322264
0.54889923
0.89474005
0.50452226
0.16768728
0.44224963
0.37981868
0.62966216
0.50586754
0.5626793
0.37331358
0.8132023
0.31002104
0.43001193
0.3421412
0.66313785
0.49990445
0.40123525
0.41174668
0.56853193
0.7641786
0.4236005
0.46406344
0.32060122
0.52571166
0.621904
0.6315916
0.46739382
0.92073286
0.28055644
0.19187063
0.61298275
0.33562303
0.38759896
0.57712543
0.47343037
0.6919187
0.7033195
0.23738115
0.4556913
0.6441679
0.4706849
0.5469985
0.30334663
0.43170124
0.42549774
0.48835182
0.25757515
0.68366766
0.34058845
0.43909526
0.86748433
0.44377434
0.3919144
0.29416353
0.36027598
0.29464924
0.67211616
0.7418321
0.4334162
0.34911594
0.3641904
0.66899693
0.70776486
0.41121596
0.53142005
0.33592263
0.3794191
0.545296
0.47742152
0.60538316
0.72835433
0.20123114
0.5724744
0.35517502
0.3612914
0.5449896
0.23635858
0.53096884
0.5361376
0.670017
0.1729672
0.4274216
0.43901834
0.932048
0.46632573
0.19861315
0.17803054
0.9377536
0.49789917
0.32397115
0.21830231
0.94091195
0.3324815
0.2936301
0.33442718
0.49953637
0.5046194
0.7061995
0.16631387
0.3105537
0.2436572
0.30050382
0.2639825
0.30749744
0.32552633
0.27553686
0.4812642
0.56388813
0.395453
0.3782804
0.4844848
0.43403456
0.559128
0.5827553
0.350981
0.36441463
0.4770245
0.67486876
0.48986804
0.29327995
0.37209287
0.08967495
0.6104529
0.27318397
0.5573511
0.30104625
0.3636838
0.40202364
0.40287986
0.6127675
0.7348127
0.37903985
0.56111354
0.12539391
0.43548715
0.23717727
0.4859735
0.64607924
0.43892395
0.62850076
0.08349806
0.25340188
0.38036227
0.33455577
0.5696024
0.46301827
0.56019
0.48293272
0.67260796
0.39285558
0.36885542
0.29075843
0.52133083
0.40772784
0.6919989
0.6191718
0.45878905
0.3297155
0.37755725
0.4680955
0.62617165
0.37533122
0.35396406
0.7787943
0.30616096
0.3782769
0.38430753
0.6369944
0.2957463
0.30428392
0.33399808
0.1940508
0.20710394
0.059047833
0.91118073
0.43373668
0.32621124
0.744569
0.542115
0.45101187
0.36537156
0.17505056
0.6554543
0.47880888
0.5926384
0.5748983
0.27225524
0.34271848
0.6431119
0.37478703
0.39638805
0.26046064
0.7198181
0.53673816
0.38655737
0.7818334
0.35892293
0.29727533
0.28908035
0.86334527
0.51714087
0.29111704
0.41356415
0.4483295
0.5233598
0.45540285
0.40199858
0.32708246
0.34782502
0.570653
0.7778737
0.51940143
0.12381415
0.2573167
0.6596245
0.38955173
0.39246845
0.3900442
0.35083413
0.6528387
0.07749595
0.49395832
0.43719363
0.76852155
0.46134043
0.69330424
0.45095864
0.6731849
0.6000612
0.43749127
0.44120434
0.3083191
0.23467098
0.17001478
0.3940771
0.1841218
0.27400643
0.51855886
0.36913055
0.43028346
0.42043298
0.43854815
0.29132771
0.7519831
0.44677746
0.61986333
0.5427615
0.24197382
0.36917353
0.4343137
0.4511964
0.45923275
0.65860486
0.7929287
0.3534903
0.49199066
0.456695
0.2444376
0.33504772
0.49428302
0.29517072
0.3035014
0.3427507
0.34334087
0.43254313
0.28964108
0.299523
0.34925646
0.7692753
0.63413566
0.31703463
0.6059066
0.839851
0.46282476
0.77069426
0.39194936
0.43275887
0.49347883
0.3759575
0.5518929
0.37835026
0.6078108
0.4929443
0.9395572
0.40237135
0.49588704
0.49000967
0.4779756
0.43016782
0.4073967
0.17215474
0.2790215
0.56231534
0.33168605
0.47850418
0.43076724
0.5495906
0.4013556
0.38698053
0.45317632
0.37421277
0.44755557
0.47625196
0.49767473
0.3597462
0.28200904
0.39719206
0.21448262
0.5171825
0.41623107
0.41393632
0.6121678
0.37261456
0.46917543
0.74827313
0.13872275
0.25834394
0.34484106
0.1307312
0.5150208
0.39906222
0.63595617
0.4055257
0.31674716
0.4437595
0.37934336
0.6991132
0.676909
0.5705093
0.5703778
0.5723355
0.25503653
0.28830948
0.24388634
0.4171487
0.20211583
0.19109008
0.24603721
0.42931718
0.47281086
0.4669466
0.6031768
0.5328356
0.4645658
0.6649828
0.4217861
0.4326239
0.37958562
0.6120155
0.8202326
0.36872116
0.314822
0.1739433
0.44429433
0.3889306
0.64521945
0.50172335
0.5146873
0.39120805
0.8329809
0.551802
0.50596213
0.37386706
0.40526518
0.2713557
0.46232414
0.24406932
0.5508033
0.40624803
0.7043117
0.62858945
0.6945102
0.34227377
0.44709152
0.61766744
0.5312779
0.27840567
0.51910603
0.55037224
0.46254838
0.40127817
0.7534979
0.4652179
0.25735685
0.29536414
0.2901983
0.5820328
0.5792066
0.55350256
0.48666245
0.3116833
0.2846064
0.41135162
0.80485874
0.7937694
0.7595918
0.26609915
0.28502905
0.26829568
0.35768583
0.8522741
0.6857175
0.7488535
0.6787326
0.28500208
0.39140856
0.5583693
0.64484125
0.20694773
0.48527822
0.8300284
0.56159997
0.43474877
0.4892146
0.49668795
0.6612904
0.60665697
0.5095573
0.31908983
0.44171846
0.6501211
0.5815251
0.24632601
0.39811534
0.52728885
0.38777277
0.23791058
0.36469653
0.5927259
0.40208104
0.46936667
0.31842417
0.29143992
0.1215764
0.5761396
0.23079586
0.5917183
0.44910043
0.56695384
0.4784444
0.8942905
0.5565285
0.40002173
0.47379386
0.7489033
0.41802853
0.4314463
0.45534897
0.6206664
0.44324023
0.6826082
0.35209444
0.28737232
0.8097998
0.28477687
0.6415138
0.62477607
0.45960915
0.12371201
0.40661058
0.6647532
0.61124593
0.501198
0.16294606
0.74097455
0.46370998
0.37704563
0.47842473
0.49185443
0.38875428
0.35497394
0.5032159
0.58524066
0.67178863
0.3450522
0.59041595
0.49783882
0.6649375
0.25693294
0.34211707
0.29416275
0.76531124
0.29438323
0.7535623
0.3612914
0.48429468
0.25487655
0.354768
0.4237178
0.43702433
0.63651395
0.3817008
0.5238184
0.30893272
0.22576012
0.29041487
0.5366429
0.43914205
0.34627736
0.54600877
0.32613453
0.52155864
0.42967004
0.22069608
0.3060343
0.44793788
0.19075482
0.3079921
0.319995
0.8607469
0.25713778
0.8815801
0.5051612
0.27686495
0.77982986
0.500109
0.53126186
0.601066
0.4929718
0.16908035
0.7100613
0.7483576
0.3500904
0.7086556
0.51149786
0.30893672
0.28069013
0.3973782
0.8479527
0.25776517
0.61871445
0.33809847
0.4964337
0.12993436
0.24400197
0.6590445
0.6113877
0.35529542
0.27072716
0.9128697
0.17170662
0.53895915
0.51424026
0.8905215
0.42660937
0.17937338
0.34410775
0.6244018
0.4865613
0.7841575
0.32881528
0.8498461
0.29671425
0.35883775
0.47565466
0.42276102
0.4791294
0.6850337
0.4768545
0.41954863
0.5557165
0.44143614
0.59845716
0.49747995
0.5608066
0.6896884
0.20472452
0.26692075
0.58179045
0.26433116
0.09385973
0.427854
0.41699743
-0.002628211
0.1720407
0.78014314
0.12553997
0.3319076
0.40828076
0.4665844
0.41126922
0.47554204
0.40355793
0.55474705
0.50461036
0.3437531
0.35109663
0.22649014
0.38703862
0.51577014
0.22659388
0.6296085
0.43049508
0.44781825
0.37532035
0.30922076
0.4602099
0.41086593
0.4174465
0.17679721
0.570284
0.54839706
0.8726175
0.45396236
0.8021596
0.54782546
0.41653642
0.7369573
0.35080016
0.50821936
0.27871132
0.6117386
0.7413859
0.2880016
0.25968215
0.343331
0.39503944
0.7598149
0.37411535
0.4867254
0.56517553
0.43699682
0.82933533
0.4220721
0.5563946
0.26645944
0.71743286
0.787562
0.1906367
0.30295414
0.39636675
0.75927496
0.38953078
0.40991572
0.2782646
0.2564189
0.13315764
0.31121734
0.6759798
0.46090952
0.87636864
0.931269
0.35350382
0.68083304
0.6268459
0.29280543
0.6899186
0.774567
0.6671835
0.44898003
0.66129625
0.84907246
0.27452004
0.20619208
0.3647238
0.3836688
0.14956497
0.54217255
0.3802062
0.54128337
0.63422465
0.5195019
0.88231957
0.52610254
0.28146142
0.63126755
0.3883752
0.90898216
0.49097773
0.5425794
0.81759405
0.7333087
0.59067655
0.72687197
0.6845238
0.28933945
0.31070158
0.12307835
0.25036007
0.54032844
0.8803768
0.2170789
0.68281984
0.43496224
0.6545152
0.16140422
0.5482797
0.37386176
0.3039879
0.707103
0.17754926
0.41616043
0.3161701
0.50350237
0.75315166
0.5788265
0.29889607
0.2355038
0.41160262
0.95248497
0.17856719
0.304681
0.5497096
0.63284385
0.6290189
0.2302293
0.5719359
0.32754695
0.44180313
0.40636086
0.32964146
0.89215803
0.5154768
0.4585017
0.36503488
0.4820023
0.40118468
0.52747774
0.70490855
0.29419035
0.5411299
0.49287137
0.47187984
0.5730571
0.66700935
0.64039767
0.464033
0.43356898
0.35858715
0.30780536
0.3587196
0.25693294
0.12674683
0.4741451
0.3980685
0.37330392
0.26507503
0.59027404
0.65580237
0.5092772
0.174535
0.41019744
0.60665697
0.4062112
0.712998
0.5686983
0.30204067
0.5876525
0.7888212
0.24999121
0.5556602
0.3774938
0.3231079
0.3680479
0.55746496
0.32281795
0.27975336
0.3780375
0.34934688
0.86350393
0.45805463
0.5683393
0.7013371
0.4812757
0.26372036
0.48634422
0.24150518
0.5612759
0.57395303
0.40955603
0.21659903
0.35066363
0.6746484
0.5296845
0.8108306
0.45551354
0.2743313
0.35105157
0.20113228
0.35468826
0.2579726
0.35487044
0.5046607
0.61911917
0.55081147
0.41126126
0.6077908
0.42035216
0.33310127
0.36969203
0.23898955
0.69015425
0.85367423
0.4513693
0.16772352
0.42412475
0.74708223
0.4138851
0.091168724
0.65700537
0.34796202
0.43739367
0.2602961
0.2626106
0.37180722
0.33930147
0.42670614
0.4588664
0.2112689
0.29474348
0.30048463
0.636434
0.50164604
0.20128277
0.41713583
0.51282907
0.50654435
0.33888578
0.53673726
0.34521946
0.6606047
0.26954502
0.22622067
0.45278463
0.50813407
0.37078223
0.34473282
0.4444863
0.57262826
0.2592052
0.85947394
0.5286843
0.433443
0.1829052
0.55594057
0.37195078
0.3058835
0.43445635
0.36474425
0.24475935
0.7748431
0.3023507
0.40377542
0.4962865
0.35878766
0.5580287
0.32479063
0.7565474
0.59445226
0.5957707
0.4693787
0.5704376
0.57318103
0.25313604
0.20593642
0.72446007
0.45898312
0.4953791
0.72074056
0.34811655
0.36386105
0.40865362
0.47122538
0.5815251
0.36597237
0.5639031
0.110110335
0.48396584
0.33582532
0.7081468
0.65557855
0.60146046
0.51603585
0.14892665
0.48953336
0.22415292
0.43262494
0.5524627
0.40069205
0.70774686
0.539044
0.6655275
0.23221333
0.18899272
0.46237367
0.8167967
0.6894952
0.31201395
0.35174915
0.3751022
0.31229338
0.7077417
0.5033885
0.2088197
0.44198263
0.4922813
0.3805114
0.4741451
0.8852538
0.5264699
0.2550877
0.36980677
0.36198246
0.31362265
0.49763867
0.49089444
0.35149026
0.7383507
0.71981794
0.5739023
0.411084
0.7018017
0.7361521
0.5361437
0.48187757
0.12916547
0.53917044
0.32053083
0.72703916
0.39098778
0.44448498
0.36429548
0.25360227
0.7275476
0.67011285
0.44961736
0.38006604
0.2456158
0.678172
0.5805837
0.32373446
0.88558894
0.5731785
0.18147713
0.6235237
0.3466653
0.27973926
0.4489535
0.619829
0.31143376
0.46453133
0.6403916
0.3162537
0.442235
0.28613552
0.7581817
0.80279773
0.50830114
0.21413524
0.24462079
0.564044
0.7267132
0.7180805
0.12264763
0.13461302
0.29631886
0.5015811
0.6378642
0.40535325
0.379488
0.48070428
0.7584678
0.124385364
0.21683696
0.48872483
0.3286141
0.34468296
0.2690019
0.5432311
0.41706213
0.61458045
0.2038097
0.39402315
0.29293397
0.9431366
0.4651167
0.9354311
0.6038071
0.25050044
0.59894615
0.6799919
0.5455012
0.6052015
0.30868182
0.6400621
0.8769186
0.4377607
0.65763825
0.38487723
0.31108683
0.49691778
0.64829904
0.37078792
0.59192616
0.84412616
0.36925346
0.5238683
0.34412843
0.67376804
0.44723135
0.66150874
0.81371194
0.5285293
0.35312843
0.39058957
0.38577956
0.40237814
0.37115517
0.73148
0.35865286
0.36029804
0.6287652
0.29653397
0.61544716
0.37957567
0.31644258
0.122128546
0.5495791
0.34473333
0.28294858
0.28733245
0.3924242
0.86890244
0.5746471
0.27237552
0.4776135
0.31422397
0.46679148
0.72373104
0.69541925
0.813455
0.4378516
0.3660856
0.78769755
0.5314477
0.42916512
0.22396323
0.30883664
0.2843357
0.23622175
0.5464227
0.23553142
0.502912
0.5982284
0.74018043
0.855258
0.6326128
0.27651352
0.401718
0.2045339
0.29849976
0.6115688
0.8891075
0.3568781
0.2827831
0.57964075
0.21319331
0.2690918
0.5919567
0.4866869
0.41660893
0.5953497
0.33104002
0.22751427
0.4641583
0.23745131
0.33737332
0.19470277
0.46017796
0.255845
0.21166429
0.7426077
0.3351889
0.6816879
0.58375907
0.43059653
0.11154049
0.4232337
0.24760978
0.2939911
0.22848777
0.53087384
0.45703888
0.62984854
0.7102439
0.63022727
0.39379776
0.56026864
0.4706828
0.32831
0.68814576
0.38279247
0.34297603
0.37493372
0.41022533
0.47400606
0.7075217
0.076411545
0.4994343
0.39649874
0.6004417
0.40705213
0.5233289
0.7271818
0.56525683
0.6647205
0.468837
0.6604867
0.550143
0.5113093
0.5467672
0.4732869
0.36532062
0.47899976
0.39314926
0.4512406
0.164013
0.63598216
0.2876225
0.5575284
0.5763843
0.31850222
0.28227615
0.48366442
0.81967056
0.41710398
0.44738746
0.34096998
0.22439907
0.47742274
0.6814651
0.32644442
0.4885081
0.4249212
0.3557022
0.5262497
0.4145579
0.42074853
0.7508335
0.29920572
0.25132075
0.6182075
0.15607189
0.7208476
0.24967249
0.15081596
0.35115635
0.28473035
0.54048544
0.31304014
0.4642108
0.7797955
0.41636392
0.26705316
0.47486657
0.6337546
0.38880515
0.19616644
0.2985595
0.21566075
0.38740158
0.4261346
0.8027451
0.28140453
0.5900841
0.95992786
0.6550175
0.8822082
0.6009483
0.84509754
0.91000766
0.33129606
0.3000235
0.36317748
0.5752367
0.42549124
0.85527706
0.5316851
0.3190195
0.45845008
0.616255
0.3899322
0.36131346
0.39541745
0.672004
0.5883153
0.87564695
0.6565052
0.63060236
0.49215567
0.6262542
0.1755468
0.35306337
0.548934
0.77096516
0.48562416
0.20423669
0.51208013
0.28512472
0.7024318
0.49887007
0.43952966
0.33045924
0.39818025
0.41596922
0.26596057
0.4187027
0.6001567
0.5709613
0.3782379
0.43030992
0.4868033
0.55409586
0.28451014
0.3930172
0.5928152
0.7257977
0.5602094
0.7528246
0.6123571
0.38853213
0.61251247
0.38972476
0.79328734
0.37299082
0.6130154
0.322807
0.6506825
0.6530124
0.41956797
0.41045076
0.33694693
0.29691863
0.2798078
0.39591593
0.4410151
0.3914215
0.31170848
0.21985066
0.59504896
0.25462726
0.33197826
0.32100737
0.38682526
0.29396033
0.3678288
0.3667101
0.2568393
0.48878062
0.4061536
0.2532126
0.36505997
0.6197979
0.3749118
0.3757401
0.5096867
0.5350665
0.603022
0.67588454
0.32027692
0.7748747
0.94144905
0.37077332
0.41713178
0.51024276
0.6736172
0.5223014
0.30041748
0.46866596
0.43123052
0.33694547
0.31412816
0.54419273
0.32705304
0.62128353
0.29846695
0.47331223
0.3915344
0.20266469
0.60332316
0.26453975
0.45554385
0.34920192
0.25571415
0.25808242
0.40482795
0.26319015
0.58624417
0.43894696
0.5846099
0.5357485
0.48444563
0.4148462
0.6649828
0.5329958
0.36726612
0.4392301
0.58067954
0.8582945
0.5277096
0.4072713
0.20261762
0.71149176
0.57118356
0.40494227
0.26174682
0.8582603
0.3962798
0.5549023
0.49188325
0.5950564
0.29053232
0.37964803
0.28264147
0.24853009
0.56729734
0.4567011
0.6429282
0.48072648
0.471889
0.48793638
0.5246061
0.6025457
0.83125967
0.41018957
0.18560207
0.4975207
0.44387916
0.4271973
0.16995741
0.31594732
0.38492286
0.34316915
0.8420426
0.31928754
0.5047722
0.8988973
0.42881912
0.25541964
0.4991499
0.40817654
0.43560225
0.38369185
0.4923669
0.3305786
0.32923073
0.94996536
0.41533014
0.4197737
0.38910335
